353.3968	340.51206
353.5032	328.62471
353.6096	314.69513
353.7159	314.20956
353.8223	315.64534
353.9287	329.30361
354.0351	343.95911
354.1414	352.3453
354.2478	354.42393
354.3541	351.36882
354.4604	341.13207
354.5668	345.02174
354.6731	352.86478
354.7794	354.4882
354.8857	368.67618
354.992	380.74451
355.0983	357.2711
355.2046	335.51114
355.3109	352.6441
355.4172	376.36986
355.5235	380.88493
355.6298	374.60688
355.736	384.76878
355.8423	402.60867
355.9485	441.48002
356.0548	434.69011
356.161	406.61677
356.2672	390.96018
356.3735	404.32043
356.4797	402.02846
356.5859	414.66049
356.6921	424.27819
356.7983	405.47999
356.9045	415.46768
357.0107	436.23165
357.1169	407.02108
357.223	386.73207
357.3292	385.66789
357.4354	400.43225
357.5415	403.473
357.6477	383.05282
357.7538	373.47309
357.8599	354.72824
357.9661	351.86995
358.0722	352.3852
358.1783	330.37025
358.2844	334.59952
358.3905	339.72736
358.4966	345.88385
358.6027	324.75794
358.7088	326.40586
358.8149	323.85378
358.921	332.45713
359.027	336.12737
359.1331	315.42859
359.2391	306.99328
359.3452	319.72066
359.4512	310.76867
359.5573	319.08731
359.6633	303.78628
359.7693	298.34349
359.8753	316.99332
359.9813	336.1974
360.0873	355.27313
360.1933	358.69347
360.2993	352.13082
360.4053	351.10741
360.5113	350.592
360.6173	357.66088
360.7232	352.30075
360.8292	345.98934
360.9351	353.02802
361.0411	370.81703
361.147	382.62106
361.253	381.83498
361.3589	393.90158
361.4648	397.59959
361.5707	381.98087
361.6766	382.96742
361.7825	378.84924
361.8884	371.83852
361.9943	362.58505
362.1002	354.3376
362.2061	354.09391
362.3119	355.69735
362.4178	340.09301
362.5237	343.1997
362.6295	329.32427
362.7354	328.88458
362.8412	330.40237
362.947	333.06545
363.0529	335.75528
363.1587	327.7579
363.2645	294.35406
363.3703	282.36359
363.4761	279.53416
363.5819	281.30116
363.6877	278.33641
363.7935	278.32302
363.8992	301.07187
364.005	301.48094
364.1108	301.12629
364.2165	303.77373
364.3223	293.07284
364.428	272.99732
364.5337	261.42434
364.6395	271.42098
364.7452	268.39758
364.8509	279.85414
364.9566	280.78788
365.0623	280.90835
365.168	265.14212
365.2737	246.68587
365.3794	244.90999
365.4851	277.11484
365.5908	263.26359
365.6965	267.86045
365.8021	252.57819
365.9078	249.53852
366.0134	246.59156
366.1191	225.16849
366.2247	235.06993
366.3303	236.89513
366.4359	235.88751
366.5415	233.04966
366.6472	245.48469
366.7528	246.37033
366.8584	237.21519
366.964	235.29871
367.0695	233.40312
367.1751	229.73931
367.2807	226.11301
367.3863	236.70654
367.4918	250.55773
367.5974	249.20597
367.7029	232.63416
367.8085	244.61367
367.914	236.02
368.0195	245.28758
368.125	245.25236
368.2306	261.21823
368.3361	262.92332
368.4416	254.40076
368.5471	251.65558
368.6526	249.04277
368.7581	258.79472
368.8635	255.24154
368.969	256.08353
369.0745	263.77074
369.1799	280.05762
369.2854	267.34171
369.3908	269.45442
369.4963	258.6304
369.6017	247.84921
369.7071	233.90742
369.8125	226.87814
369.918	235.15858
370.0234	220.63471
370.1288	210.42074
370.2342	210.50771
370.3395	207.95064
370.4449	203.77669
370.5503	214.71029
370.6557	206.56973
370.761	207.6535
370.8664	210.79033
370.9718	214.96088
371.0771	211.74485
371.1824	222.49778
371.2878	218.58907
371.3931	217.0297
371.4984	226.3163
371.6037	224.08038
371.709	241.07969
371.8143	261.71675
371.9196	272.57671
372.0249	273.24499
372.1302	263.08382
372.2355	270.64208
372.3407	278.7728
372.446	292.2605
372.5513	304.7391
372.6565	299.71273
372.7618	288.64778
372.867	297.15953
372.9722	294.91449
373.0774	281.03237
373.1827	269.24898
373.2879	271.38265
373.3931	252.74416
373.4983	242.87601
373.6035	232.00217
373.7087	243.76709
373.8139	246.92939
373.919	238.27984
374.0242	232.15382
374.1293	228.98204
374.2345	234.61613
374.3397	244.17301
374.4448	250.26832
374.5499	246.59498
374.6551	232.91892
374.7602	220.23058
374.8653	211.72866
374.9704	211.20523
375.0755	208.67112
375.1806	220.91782
375.2857	230.32405
375.3908	234.19156
375.4959	226.55046
375.6009	229.61979
375.706	229.11935
375.8111	227.22001
375.9161	215.44586
376.0212	213.03685
376.1262	212.96183
376.2312	198.99317
376.3363	190.3287
376.4413	186.7727
376.5463	191.10515
376.6513	194.02641
376.7563	186.19509
376.8613	184.28935
376.9663	185.08619
377.0713	190.22068
377.1763	185.54502
377.2812	189.6303
377.3862	172.19605
377.4912	169.27372
377.5961	176.34559
377.7011	181.59991
377.806	182.45368
377.9109	190.39854
378.0159	203.0219
378.1208	209.22607
378.2257	197.46611
378.3306	195.56231
378.4355	197.79064
378.5404	194.73178
378.6453	179.75641
378.7502	160.17589
378.8551	161.15379
378.9599	170.10585
379.0648	171.61227
379.1696	171.36489
379.2745	170.39355
379.3793	164.0932
379.4842	147.12394
379.589	147.77386
379.6938	150.23375
379.7987	146.88788
379.9035	147.77564
380.0083	150.27751
380.1131	138.3783
380.2179	115.77652
380.3227	103.88335
380.4275	104.94593
380.5322	106.11825
380.637	115.88167
380.7418	135.83953
380.8465	157.17358
380.9513	163.84602
381.056	159.86882
381.1608	156.31465
381.2655	153.60174
381.3702	150.89744
381.4749	155.58945
381.5796	164.12185
381.6843	172.60527
381.789	174.97087
381.8937	172.29926
381.9984	170.10557
382.1031	163.40339
382.2078	161.23712
382.3125	167.23786
382.4171	173.37622
382.5218	179.3429
382.6264	180.41787
382.7311	181.81358
382.8357	186.58078
382.9403	183.5071
383.0449	181.52322
383.1496	186.93312
383.2542	190.75227
383.3588	192.89741
383.4634	193.48537
383.568	192.66313
383.6726	186.73708
383.7771	177.66504
383.8817	172.91372
383.9863	174.82204
384.0908	175.13542
384.1954	174.82234
384.2999	179.92871
384.4045	187.42615
384.509	184.74544
384.6135	177.07954
384.7181	176.45042
384.8226	177.79962
384.9271	176.67782
385.0316	162.58017
385.1361	147.96401
385.2406	135.10849
385.3451	126.64286
385.4495	124.76742
385.554	118.64209
385.6585	115.51233
385.7629	112.92714
385.8674	117.23216
385.9719	131.39927
386.0763	140.81188
386.1807	142.33063
386.2851	139.97108
386.3896	133.00018
386.494	128.84526
386.5984	125.1058
386.7028	124.62978
386.8072	124.22667
386.9116	130.278
387.016	133.01253
387.1203	139.21609
387.2247	146.58
387.3291	156.09567
387.4334	154.57886
387.5378	151.23265
387.6421	149.44438
387.7465	153.3627
387.8508	155.77624
387.9551	158.15302
388.0595	163.53161
388.1638	154.30994
388.2681	140.7625
388.3724	137.78915
388.4767	142.03873
388.581	148.48379
388.6852	145.52575
388.7895	139.65809
388.8938	146.52609
388.9981	155.67294
389.1023	148.23216
389.2066	145.08685
389.3108	137.55077
389.4151	132.43726
389.5193	134.64793
389.6235	138.15025
389.7277	137.03958
389.8319	135.09593
389.9361	133.41854
390.0403	127.36036
390.1445	120.86211
390.2487	110.76389
390.3529	118.42577
390.4571	126.4822
390.5612	123.81249
390.6654	121.14295
390.7696	120.6089
390.8737	126.22622
390.9779	129.08025
391.082	125.23871
391.1861	129.57002
391.2903	133.04686
391.3944	140.6226
391.4985	149.59876
391.6026	153.5121
391.7067	148.73791
391.8108	151.0575
391.9149	153.4649
392.019	154.1554
392.123	157.5631
392.2271	161.67746
392.3312	166.53639
392.4352	168.08897
392.5393	166.78145
392.6433	161.62086
392.7473	161.78482
392.8514	167.92164
392.9554	166.29671
393.0594	171.68029
393.1634	171.86455
393.2674	167.5094
393.3714	161.89094
393.4754	165.24618
393.5794	157.12965
393.6834	147.02996
393.7874	143.87784
393.8913	140.92772
393.9953	138.32234
394.0992	135.74321
394.2032	136.51956
394.3071	139.04687
394.4111	145.32728
394.515	152.11041
394.6189	156.48283
394.7228	152.41366
394.8267	162.31847
394.9307	170.04337
395.0346	164.27489
395.1384	164.71256
395.2423	158.24383
395.3462	158.57017
395.4501	160.11716
395.5539	167.59042
395.6578	169.72103
395.7616	172.32161
395.8655	180.28727
395.9693	179.95731
396.0732	179.75414
396.177	186.75254
396.2808	190.72913
396.3846	188.30936
396.4885	180.61694
396.5922	175.00458
396.6961	168.7692
396.7998	164.95572
396.9036	171.45377
397.0074	172.45076
397.1112	172.30801
397.2149	173.18274
397.3187	173.75361
397.4224	173.32744
397.5262	172.53704
397.6299	171.7522
397.7337	162.85069
397.8374	160.61786
397.9411	165.1475
398.0448	156.90664
398.1485	156.701
398.2522	164.14266
398.3559	163.78153
398.4596	159.78172
398.5633	158.05455
398.667	158.61715
398.7706	159.17773
398.8743	165.53487
398.978	171.85103
399.0816	163.67819
399.1853	160.70313
399.2889	157.4584
399.3925	162.25466
399.4962	168.08079
399.5998	167.63964
399.7034	167.53306
399.807	167.11323
399.9106	168.17974
400.0142	163.6118
400.1178	158.26057
400.2214	159.8115
400.325	156.40851
400.4285	149.47379
400.5321	144.26782
400.6356	151.94618
400.7392	159.503
400.8427	158.63342
400.9463	163.39592
401.0498	163.59537
401.1533	158.72324
401.2568	159.9969
401.3603	156.17738
401.4639	151.5074
401.5673	145.6052
401.6708	152.95821
401.7743	165.22481
401.8778	165.65324
401.9813	165.83655
402.0848	165.82896
402.1882	170.55486
402.2917	169.92005
402.3951	164.64748
402.4986	169.46563
402.602	169.53705
402.7054	168.23231
402.8089	161.30736
402.9123	161.97892
403.0157	170.20602
403.1191	170.23824
403.2225	168.23286
403.3259	165.3473
403.4293	164.57786
403.5326	164.46762
403.636	164.52267
403.7394	166.0699
403.8428	152.96888
403.9461	146.24493
404.0494	146.4625
404.1528	156.98287
404.2561	160.69492
404.3595	157.6963
404.4628	158.33266
404.5661	165.91948
404.6694	169.75287
404.7727	169.15563
404.876	165.69238
404.9793	171.21874
405.0826	165.42499
405.1859	158.16801
405.2891	151.48512
405.3924	147.17591
405.4957	147.99746
405.5989	147.3718
405.7022	146.86075
405.8054	147.48035
405.9086	146.22507
406.0119	146.07482
406.1151	140.32522
406.2183	135.95387
406.3215	130.50883
406.4247	125.53043
406.5279	122.41909
406.6311	120.01003
406.7343	116.49982
406.8375	115.86073
406.9407	116.31897
407.0438	119.67987
407.147	114.52338
407.2501	114.36904
407.3533	115.50947
407.4564	120.4388
407.5596	120.36461
407.6627	121.85024
407.7658	127.81499
407.8689	132.62196
407.972	134.67047
408.0751	130.51374
408.1782	131.52925
408.2813	137.47825
408.3844	151.54255
408.4875	153.8069
408.5905	154.02294
408.6936	155.65667
408.7967	161.10364
408.8997	159.6578
409.0028	157.22139
409.1058	161.29642
409.2088	161.7008
409.3119	162.79566
409.4149	163.49503
409.5179	163.80927
409.6209	164.82774
409.7239	165.00301
409.8269	164.24148
409.9299	163.00284
410.0329	163.01635
410.1359	162.93527
410.2388	166.44242
410.3418	168.37852
410.4447	168.80886
410.5477	161.86221
410.6506	159.03131
410.7536	158.86832
410.8565	156.60113
410.9594	153.6677
411.0623	155.2354
411.1653	154.35561
411.2682	150.92838
411.3711	150.45752
411.474	149.84897
411.5768	151.6114
411.6797	153.23259
411.7826	148.0256
411.8855	149.81066
411.9883	154.08462
412.0912	152.60849
412.1941	147.04648
412.2969	145.95618
412.3997	149.58617
412.5025	148.80737
412.6054	141.76578
412.7082	133.22547
412.811	128.29598
412.9138	131.88574
413.0166	135.72177
413.1194	138.93218
413.2222	138.15244
413.325	136.07711
413.4278	134.62358
413.5305	134.61306
413.6333	137.65096
413.736	133.54853
413.8388	126.53404
413.9415	127.45266
414.0443	131.87033
414.147	129.66735
414.2497	128.44534
414.3524	132.40873
414.4552	131.22231
414.5579	130.7004
414.6606	133.47463
414.7633	136.37026
414.8659	143.22209
414.9686	146.58026
415.0713	143.45847
415.174	138.85426
415.2766	132.47586
415.3793	130.82954
415.4819	136.3402
415.5846	141.04423
415.6872	141.33265
415.7898	140.672
415.8925	147.62771
415.9951	156.43225
416.0977	156.95282
416.2003	152.86828
416.3029	151.39193
416.4055	151.15181
416.5081	150.77835
416.6106	152.53756
416.7132	153.19785
416.8158	154.6936
416.9183	160.62597
417.0209	164.16962
417.1234	164.92343
417.226	171.67751
417.3285	184.7426
417.431	197.47405
417.5336	203.89952
417.6361	209.54945
417.7386	218.37551
417.8411	230.17879
417.9436	236.42579
418.0461	235.50495
418.1486	237.36185
418.2511	245.88692
418.3535	255.50406
418.456	265.62733
418.5584	279.81271
418.6609	295.24991
418.7634	310.88015
418.8658	323.44095
418.9682	333.20513
419.0707	345.10305
419.1731	361.95544
419.2755	382.62213
419.3779	403.04831
419.4803	415.38864
419.5827	430.73212
419.6851	450.35444
419.7875	467.46679
419.8899	483.07741
419.9922	500.70516
420.0946	527.26808
420.1969	554.8938
420.2993	582.67701
420.4016	610.05191
420.504	637.16377
420.6063	662.74587
420.7086	684.71407
420.811	711.74098
420.9133	739.67673
421.0156	769.49277
421.1179	802.61196
421.2202	831.39097
421.3225	857.70312
421.4248	884.90076
421.527	909.93782
421.6293	940.48182
421.7316	971.55305
421.8338	1010.58971
421.9361	1057.57248
422.0383	1104.12201
422.1406	1142.50254
422.2428	1182.22551
422.345	1229.56425
422.4472	1277.49965
422.5494	1316.62848
422.6517	1352.09578
422.7539	1391.86864
422.856	1438.41471
422.9582	1479.63932
423.0604	1519.94541
423.1626	1560.59944
423.2648	1597.60579
423.3669	1637.40083
423.4691	1682.607
423.5712	1719.79526
423.6734	1755.3438
423.7755	1787.84986
423.8777	1815.99288
423.9798	1836.77433
424.0819	1848.14725
424.184	1868.35999
424.2861	1892.24037
424.3882	1908.8944
424.4903	1918.5291
424.5924	1928.58514
424.6945	1943.72216
424.7966	1959.80608
424.8986	1970.4299
425.0007	1978.55684
425.1028	1986.742
425.2048	1995.61571
425.3068	2000.40515
425.4089	2011.43197
425.5109	2020.93695
425.6129	2023.49652
425.715	2030.6752
425.817	2038.62474
425.919	2052.44831
426.021	2075.38447
426.123	2092.41985
426.2249	2108.15706
426.3269	2114.92229
426.4289	2113.77297
426.5309	2124.26476
426.6328	2133.61101
426.7348	2137.62697
426.8367	2143.18
426.9387	2153.84814
427.0406	2166.2739
427.1426	2168.2145
427.2445	2166.64902
427.3464	2168.76809
427.4483	2176.95115
427.5502	2182.87409
427.6521	2181.51259
427.754	2185.11928
427.8559	2189.32942
427.9578	2196.15635
428.0596	2199.48755
428.1615	2195.99423
428.2634	2191.35504
428.3652	2194.45407
428.4671	2190.81169
428.5689	2200.40816
428.6707	2203.72336
428.7726	2208.68021
428.8744	2212.32773
428.9762	2215.82794
429.078	2220.80694
429.1798	2221.81069
429.2816	2228.33441
429.3834	2246.75966
429.4852	2258.24748
429.587	2267.27574
429.6888	2268.80949
429.7905	2282.91897
429.8923	2296.99244
429.9941	2308.24507
430.0958	2317.43083
430.1975	2323.93334
430.2993	2327.03231
430.401	2333.45092
430.5027	2339.71689
430.6044	2355.28068
430.7061	2353.36979
430.8079	2349.71154
430.9096	2356.02625
431.0112	2369.22934
431.1129	2383.48935
431.2146	2395.77156
431.3163	2400.20783
431.4179	2415.00403
431.5196	2430.61232
431.6213	2437.48545
431.7229	2444.12377
431.8245	2457.5037
431.9262	2460.29098
432.0278	2459.00396
432.1294	2457.77322
432.231	2467.56904
432.3327	2477.99637
432.4343	2494.81731
432.5359	2506.36327
432.6375	2514.37703
432.739	2535.11899
432.8406	2556.02543
432.9422	2571.9517
433.0437	2580.29741
433.1453	2582.43468
433.2469	2580.2498
433.3484	2578.72542
433.45	2590.85964
433.5515	2593.56779
433.653	2588.30279
433.7545	2594.55809
433.856	2600.42955
433.9576	2603.45699
434.0591	2608.1073
434.1606	2606.21465
434.262	2608.41322
434.3635	2599.57616
434.465	2598.72003
434.5665	2598.87576
434.6679	2606.15822
434.7694	2605.24127
434.8708	2594.78915
434.9723	2594.78862
435.0737	2595.18795
435.1752	2591.785
435.2766	2607.01452
435.378	2622.22763
435.4794	2639.66638
435.5808	2655.96504
435.6822	2672.21513
435.7836	2679.99705
435.885	2689.72059
435.9864	2700.5353
436.0878	2711.15463
436.1891	2717.14132
436.2905	2730.83866
436.3919	2749.23957
436.4932	2766.16846
436.5946	2768.49451
436.6959	2774.03346
436.7973	2786.22228
436.8986	2801.64056
436.9999	2812.75592
437.1012	2826.04039
437.2025	2844.1934
437.3038	2854.44569
437.4051	2848.858
437.5064	2851.4415
437.6077	2851.94463
437.709	2856.06694
437.8102	2865.93866
437.9115	2883.9191
438.0127	2895.64771
438.114	2896.49694
438.2152	2897.31293
438.3165	2908.87393
438.4177	2918.75516
438.5189	2928.46514
438.6202	2943.34332
438.7214	2965.5486
438.8226	2972.69789
438.9238	2978.74602
439.025	2989.68121
439.1262	3001.68363
439.2273	3004.39107
439.3285	3004.59697
439.4297	3022.17159
439.5308	3044.85126
439.632	3064.09548
439.7332	3080.23341
439.8343	3074.53132
439.9354	3062.44435
440.0366	3060.05166
440.1377	3063.41789
440.2388	3077.64547
440.3399	3091.93426
440.441	3102.7529
440.5421	3111.5154
440.6432	3112.58894
440.7443	3106.59446
440.8454	3099.01316
440.9465	3106.50145
441.0475	3105.38975
441.1486	3109.87224
441.2497	3119.34952
441.3507	3133.97657
441.4517	3157.37975
441.5528	3171.29789
441.6538	3179.88651
441.7548	3186.87082
441.8559	3198.54794
441.9569	3213.14214
442.0579	3226.81107
442.1589	3245.35616
442.2599	3255.22239
442.3609	3257.18083
442.4618	3261.11232
442.5628	3276.41274
442.6638	3295.22393
442.7647	3314.65813
442.8657	3333.31064
442.9666	3353.19893
443.0676	3370.35738
443.1685	3379.5265
443.2695	3380.74033
443.3704	3384.68486
443.4713	3388.37333
443.5722	3387.34151
443.6731	3384.78802
443.774	3384.08644
443.8749	3382.34737
443.9758	3389.29333
444.0767	3407.67846
444.1775	3418.03399
444.2784	3415.44534
444.3793	3427.66762
444.4801	3449.05711
444.581	3465.2336
444.6818	3469.01366
444.7826	3473.30248
444.8835	3479.91929
444.9843	3489.85396
445.0851	3505.58676
445.1859	3517.39208
445.2867	3532.42749
445.3875	3551.67553
445.4883	3567.27043
445.5891	3574.12686
445.6899	3583.91005
445.7907	3594.36689
445.8914	3602.48765
445.9922	3614.70497
446.0929	3613.62074
446.1937	3613.05547
446.2944	3619.71469
446.3952	3624.27926
446.4959	3627.31433
446.5966	3630.95262
446.6973	3636.5595
446.798	3643.6672
446.8988	3647.42905
446.9995	3650.74582
447.1001	3657.07465
447.2008	3656.77202
447.3015	3663.15627
447.4022	3671.57478
447.5029	3669.31543
447.6035	3664.05883
447.7042	3667.50176
447.8048	3674.2147
447.9054	3685.20782
448.0061	3689.91347
448.1067	3693.40408
448.2073	3702.12481
448.308	3710.46556
448.4086	3729.62089
448.5092	3748.93448
448.6098	3752.16847
448.7104	3751.67749
448.8109	3761.71135
448.9115	3772.41387
449.0121	3782.68967
449.1126	3793.55691
449.2132	3807.03967
449.3138	3821.00758
449.4143	3826.05061
449.5149	3830.8799
449.6154	3846.0172
449.7159	3863.9924
449.8164	3872.52344
449.9169	3873.15704
450.0175	3874.47567
450.118	3893.53548
450.2185	3907.24583
450.3189	3919.42753
450.4194	3921.7115
450.5199	3914.53318
450.6204	3914.5599
450.7208	3933.74779
450.8213	3953.3079
450.9217	3962.69015
451.0222	3967.80497
451.1227	3964.17466
451.2231	3960.99314
451.3235	3960.3884
451.4239	3960.77458
451.5243	3965.68087
451.6248	3973.70548
451.7251	3981.73788
451.8255	3985.27965
451.9259	3995.26743
452.0263	4008.83951
452.1267	4021.30962
452.2271	4016.07426
452.3274	4010.905
452.4278	4008.96767
452.5281	4009.88762
452.6285	4014.55902
452.7288	4022.59395
452.8292	4020.64464
452.9295	4022.89598
453.0298	4024.75445
453.1301	4022.92851
453.2304	4035.82925
453.3307	4056.70183
453.431	4067.92511
453.5313	4066.49271
453.6316	4067.68785
453.7319	4070.48282
453.8322	4071.83006
453.9324	4075.40623
454.0327	4070.77946
454.1329	4060.95411
454.2332	4055.41668
454.3334	4069.78432
454.4336	4083.16418
454.5339	4093.64244
454.6341	4111.37236
454.7343	4124.55012
454.8345	4124.7052
454.9347	4124.3911
455.0349	4119.01082
455.1351	4115.56775
455.2353	4119.81197
455.3355	4125.58091
455.4356	4119.18683
455.5358	4113.14543
455.6359	4120.84992
455.7361	4129.96306
455.8362	4135.03931
455.9364	4139.62102
456.0365	4146.07824
456.1366	4157.65528
456.2368	4161.12157
456.3369	4161.98587
456.437	4157.90864
456.5371	4156.62916
456.6372	4158.04711
456.7373	4163.50419
456.8373	4165.2352
456.9374	4169.37381
457.0375	4173.1401
457.1376	4177.75566
457.2376	4184.78873
457.3377	4191.82191
457.4377	4195.18716
457.5378	4200.01394
457.6378	4204.77328
457.7378	4208.21288
457.8378	4209.31791
457.9378	4207.40332
458.0378	4206.24465
458.1378	4208.91989
458.2378	4212.87324
458.3378	4231.32924
458.4378	4250.56017
458.5378	4259.29924
458.6377	4270.85833
458.7377	4280.86631
458.8377	4279.83193
458.9376	4279.75264
459.0376	4291.68969
459.1375	4306.95634
459.2374	4321.75613
459.3374	4329.34922
459.4373	4324.13237
459.5372	4321.03476
459.6371	4329.63419
459.737	4339.72211
459.8369	4349.84054
459.9368	4358.85612
460.0367	4371.78379
460.1365	4379.83606
460.2364	4386.02481
460.3363	4401.19786
460.4361	4416.12254
460.536	4424.81886
460.6358	4432.35377
460.7357	4437.97349
460.8355	4444.9241
460.9353	4460.94005
461.0351	4484.6003
461.1349	4497.13663
461.2347	4503.42985
461.3345	4515.68738
461.4343	4533.6367
461.5341	4562.06983
461.6339	4588.79458
461.7337	4601.64237
461.8334	4614.72703
461.9332	4635.6083
462.033	4656.02707
462.1327	4675.7706
462.2324	4698.0656
462.3322	4719.20359
462.4319	4736.67566
462.5316	4757.43396
462.6314	4772.66332
462.7311	4783.93865
462.8308	4799.96025
462.9305	4821.16792
463.0302	4835.76008
463.1299	4840.10877
463.2295	4851.61375
463.3292	4870.48196
463.4289	4885.15156
463.5285	4902.7692
463.6282	4916.40538
463.7278	4927.02719
463.8275	4939.48017
463.9271	4951.77779
464.0268	4957.91599
464.1264	4963.25532
464.226	4968.72343
464.3256	4978.33821
464.4252	4988.05746
464.5248	4996.14452
464.6244	5003.46133
464.724	5016.68611
464.8236	5034.61732
464.9232	5046.64082
465.0227	5057.10174
465.1223	5081.52305
465.2218	5105.12028
465.3214	5116.69286
465.4209	5125.32446
465.5205	5132.92208
465.62	5141.33281
465.7195	5168.4694
465.819	5198.87194
465.9185	5228.48365
466.0181	5254.89629
466.1175	5280.34271
466.217	5309.39956
466.3165	5336.18017
466.416	5355.86618
466.5155	5377.72876
466.6149	5403.11379
466.7144	5421.28545
466.8139	5437.58737
466.9133	5457.82307
467.0127	5481.20305
467.1122	5500.38195
467.2116	5511.03564
467.311	5536.22563
467.4105	5568.19138
467.5099	5599.05377
467.6093	5625.31322
467.7087	5647.20934
467.8081	5661.44511
467.9074	5672.23812
468.0068	5681.56842
468.1062	5698.13761
468.2056	5724.51419
468.3049	5747.57226
468.4043	5770.33921
468.5036	5799.01151
468.603	5832.35689
468.7023	5865.31907
468.8016	5891.26708
468.901	5913.94616
469.0003	5937.64285
469.0996	5964.93218
469.1989	6000.50462
469.2982	6028.24358
469.3975	6044.78288
469.4968	6059.058
469.596	6083.07206
469.6953	6116.36048
469.7946	6141.41953
469.8938	6154.89557
469.9931	6183.02164
470.0924	6221.01113
470.1916	6253.66303
470.2908	6268.6254
470.39	6284.92921
470.4893	6307.15709
470.5885	6336.67341
470.6877	6350.53281
470.7869	6356.00551
470.8861	6377.53112
470.9853	6407.44741
471.0845	6439.48266
471.1837	6471.77612
471.2828	6498.79064
471.382	6525.65423
471.4812	6554.45265
471.5803	6584.84674
471.6794	6609.44852
471.7786	6630.73596
471.8777	6654.11498
471.9769	6687.31553
472.076	6719.5734
472.1751	6749.61744
472.2742	6779.13785
472.3733	6805.9439
472.4724	6833.78576
472.5715	6861.4563
472.6706	6885.45646
472.7697	6911.14966
472.8687	6945.21046
472.9678	6978.80819
473.0669	7006.43565
473.1659	7025.13294
473.265	7039.57605
473.364	7064.89357
473.463	7097.09707
473.5621	7129.04552
473.6611	7159.88616
473.7601	7190.37444
473.8591	7218.4115
473.9581	7243.69112
474.0571	7267.57209
474.1561	7284.83205
474.2551	7300.18342
474.3541	7317.97844
474.453	7344.89845
474.552	7372.76435
474.651	7399.201
474.7499	7428.21115
474.8489	7460.75393
474.9478	7486.88366
475.0467	7512.18749
475.1457	7553.35247
475.2446	7597.64205
475.3435	7637.73785
475.4424	7655.86874
475.5413	7673.7288
475.6402	7695.73552
475.7391	7716.00006
475.838	7736.13782
475.9368	7771.63298
476.0357	7817.03591
476.1346	7860.80911
476.2335	7892.0848
476.3323	7919.76238
476.4311	7959.30901
476.53	8005.83907
476.6288	8044.71337
476.7276	8072.51709
476.8265	8098.8513
476.9253	8128.68563
477.0241	8163.98053
477.1229	8190.23445
477.2217	8208.09139
477.3205	8227.0558
477.4193	8255.307
477.518	8297.59545
477.6168	8332.64262
477.7156	8361.28583
477.8143	8392.62764
477.9131	8424.48383
478.0118	8439.77359
478.1106	8448.48335
478.2093	8463.72637
478.308	8485.39437
478.4068	8505.39227
478.5055	8523.74101
478.6042	8541.60607
478.7029	8562.97648
478.8016	8597.12354
478.9003	8628.42445
478.999	8651.95419
479.0976	8675.50476
479.1963	8699.34247
479.295	8719.10104
479.3936	8738.7038
479.4923	8757.16103
479.5909	8772.67119
479.6896	8791.13953
479.7882	8819.79749
479.8868	8854.93348
479.9855	8894.96836
480.0841	8943.28087
480.1827	8993.71169
480.2813	9038.76358
480.3799	9083.09583
480.4785	9129.48188
480.577	9163.47784
480.6756	9176.3111
480.7742	9189.18907
480.8727	9202.27442
480.9713	9220.3702
481.0699	9247.68981
481.1684	9283.32616
481.2669	9322.68193
481.3655	9361.86865
481.464	9395.8455
481.5625	9431.95856
481.661	9470.92015
481.7595	9505.23019
481.858	9526.5437
481.9565	9544.69079
482.055	9560.14643
482.1535	9574.62537
482.252	9597.06016
482.3505	9624.9795
482.4489	9649.91949
482.5474	9669.27426
482.6458	9692.11723
482.7443	9727.54394
482.8427	9774.2825
482.9411	9821.10652
483.0396	9863.09748
483.138	9903.79855
483.2364	9936.77602
483.3348	9952.35976
483.4332	9971.8647
483.5316	10006.08757
483.63	10036.69585
483.7284	10062.79212
483.8268	10091.54302
483.9251	10133.86166
484.0235	10176.81534
484.1219	10211.33962
484.2202	10236.21838
484.3186	10254.96798
484.4169	10279.16959
484.5152	10307.15921
484.6136	10335.78138
484.7119	10369.02106
484.8102	10412.16933
484.9085	10451.44563
485.0068	10482.01823
485.1051	10515.77434
485.2034	10547.65434
485.3017	10577.70574
485.3999	10612.83184
485.4982	10669.4953
485.5965	10722.91898
485.6947	10768.72568
485.793	10814.65145
485.8912	10861.15258
485.9895	10899.11391
486.0877	10930.93211
486.1859	10965.75118
486.2841	11008.59356
486.3824	11050.90056
486.4806	11084.13202
486.5788	11120.41214
486.677	11164.59369
486.7752	11203.44335
486.8733	11224.36122
486.9715	11245.13104
487.0697	11282.65161
487.1678	11321.22443
487.266	11354.86311
487.3642	11386.62205
487.4623	11415.27272
487.5604	11451.61208
487.6586	11503.92525
487.7567	11542.26934
487.8548	11568.50795
487.9529	11605.81105
488.051	11647.03375
488.1491	11692.37561
488.2472	11758.94803
488.3453	11823.16819
488.4434	11866.17733
488.5415	11912.48862
488.6395	11977.24077
488.7376	12034.03746
488.8357	12084.09224
488.9337	12148.05156
489.0318	12223.59919
489.1298	12282.94318
489.2278	12328.45816
489.3259	12380.13894
489.4239	12449.1789
489.5219	12520.54404
489.6199	12573.66211
489.7179	12599.11528
489.8159	12631.85551
489.9139	12670.49629
490.0119	12724.10816
490.1098	12780.87605
490.2078	12827.35637
490.3058	12856.45215
490.4037	12890.95655
490.5017	12943.05266
490.5996	12997.70844
490.6976	13033.6038
490.7955	13062.1954
490.8934	13110.21123
490.9913	13157.20505
491.0893	13195.38721
491.1872	13237.60106
491.2851	13284.40761
491.383	13330.52588
491.4808	13380.11577
491.5787	13434.67589
491.6766	13485.64747
491.7745	13540.02276
491.8723	13612.22587
491.9702	13689.20516
492.0681	13736.68981
492.1659	13774.48941
492.2637	13828.1634
492.3616	13881.80899
492.4594	13926.52767
492.5572	13982.47506
492.655	14052.56379
492.7528	14130.56312
492.8506	14209.3525
492.9484	14265.10218
493.0462	14309.11493
493.144	14354.54845
493.2418	14403.29805
493.3395	14458.30522
493.4373	14512.91108
493.5351	14562.77218
493.6328	14610.11419
493.7305	14656.73152
493.8283	14693.20743
493.926	14753.49447
494.0237	14824.91379
494.1215	14900.18731
494.2192	14976.09653
494.3169	15040.84084
494.4146	15103.78167
494.5123	15169.5545
494.61	15248.01056
494.7077	15317.25954
494.8053	15369.49513
494.903	15423.94614
495.0007	15486.30555
495.0983	15565.10101
495.196	15652.05888
495.2936	15735.16988
495.3912	15817.27881
495.4889	15906.25988
495.5865	15994.10457
495.6841	16066.69696
495.7817	16143.93852
495.8793	16239.93213
495.9769	16304.6171
496.0745	16341.40719
496.1721	16388.73987
496.2697	16467.43184
496.3673	16546.36287
496.4649	16623.84192
496.5624	16698.24963
496.66	16755.47189
496.7575	16821.07871
496.8551	16895.69409
496.9526	16972.64322
497.0501	17062.32067
497.1477	17144.8554
497.2452	17206.8303
497.3427	17272.87009
497.4402	17357.44037
497.5377	17418.49605
497.6352	17472.40507
497.7327	17549.25555
497.8302	17630.1678
497.9276	17696.33513
498.0251	17772.3846
498.1226	17885.59974
498.22	18001.19187
498.3175	18099.49954
498.4149	18201.78212
498.5124	18307.27605
498.6098	18403.82671
498.7072	18498.11506
498.8046	18603.56217
498.902	18721.81102
498.9995	18840.6247
499.0969	18948.16525
499.1943	19052.13869
499.2916	19176.81451
499.389	19313.94973
499.4864	19422.89378
499.5838	19527.41911
499.6811	19646.24924
499.7785	19749.98515
499.8758	19851.77032
499.9732	19974.00123
500.0705	20092.9613
500.1678	20193.35363
500.2652	20271.81616
500.3625	20343.80446
500.4598	20411.35294
500.5571	20478.85967
500.6544	20564.5813
500.7517	20673.98918
500.849	20755.97524
500.9463	20787.91843
501.0435	20833.85343
501.1408	20906.82839
501.2381	20986.25892
501.3353	21074.50153
501.4326	21158.49648
501.5298	21250.16635
501.6271	21361.71302
501.7243	21469.75924
501.8215	21570.21043
501.9187	21648.0325
502.0159	21696.62335
502.1132	21759.38298
502.2104	21831.35987
502.3075	21911.33384
502.4047	21995.63523
502.5019	22068.53983
502.5991	22143.27458
502.6963	22227.23934
502.7934	22297.8147
502.8906	22381.35093
502.9877	22496.53911
503.0849	22596.67259
503.182	22665.33688
503.2792	22723.81114
503.3763	22770.20253
503.4734	22818.00106
503.5705	22876.15477
503.6676	22927.94563
503.7647	22972.99234
503.8618	23030.7362
503.9589	23121.94471
504.056	23212.32326
504.153	23279.61586
504.2501	23350.3374
504.3472	23419.88137
504.4442	23478.06809
504.5413	23540.91876
504.6383	23614.28853
504.7354	23687.36048
504.8324	23757.54607
504.9294	23813.4675
505.0264	23876.75435
505.1234	23948.81432
505.2205	24021.54897
505.3175	24096.16888
505.4145	24171.09051
505.5114	24231.85332
505.6084	24268.53744
505.7054	24321.33954
505.8024	24394.33258
505.8993	24454.62376
505.9963	24493.01442
506.0932	24537.15342
506.1902	24617.22992
506.2871	24694.28241
506.384	24749.86859
506.481	24807.44295
506.5779	24876.05745
506.6748	24943.41866
506.7717	24989.44576
506.8686	25036.30831
506.9655	25110.80593
507.0624	25168.20233
507.1593	25206.86615
507.2561	25263.49313
507.353	25320.87472
507.4499	25371.44151
507.5467	25442.9692
507.6436	25530.83299
507.7404	25611.34928
507.8373	25667.95044
507.9341	25725.24837
508.0309	25801.07743
508.1277	25868.78126
508.2246	25912.34903
508.3214	25975.96059
508.4182	26052.31506
508.515	26116.23889
508.6117	26161.59672
508.7085	26202.51391
508.8053	26246.0072
508.9021	26279.23853
508.9988	26285.38087
509.0956	26305.9401
509.1923	26372.02338
509.2891	26452.88641
509.3858	26531.96262
509.4826	26595.88478
509.5793	26622.09133
509.676	26636.79179
509.7727	26659.78576
509.8694	26705.31874
509.9661	26752.21245
510.0628	26797.45788
510.1595	26857.81462
510.2562	26932.72142
510.3528	26991.83803
510.4495	27060.47217
510.5462	27143.52405
510.6428	27212.68592
510.7395	27279.80485
510.8361	27349.79409
510.9328	27420.89393
511.0294	27498.52879
511.126	27590.42957
511.2226	27680.68755
511.3193	27729.53675
511.4159	27773.69045
511.5125	27824.77758
511.6091	27898.53005
511.7056	27974.34753
511.8022	28023.50265
511.8988	28066.90761
511.9954	28116.73343
512.0919	28162.17545
512.1885	28200.13989
512.285	28218.75544
512.3816	28201.6978
512.4781	28186.03251
512.5747	28197.93493
512.6712	28252.20799
512.7677	28308.59121
512.8642	28346.94174
512.9607	28380.90246
513.0572	28421.76207
513.1537	28453.97038
513.2502	28457.50012
513.3467	28450.8933
513.4431	28453.83548
513.5396	28477.15932
513.6361	28481.96063
513.7325	28482.88807
513.829	28506.40272
513.9254	28534.65144
514.0219	28555.2296
514.1183	28576.4553
514.2147	28599.45223
514.3111	28645.79372
514.4076	28710.40111
514.504	28751.29041
514.6004	28781.79983
514.6968	28808.18543
514.7932	28812.71779
514.8895	28818.36653
514.9859	28839.7278
515.0823	28876.74862
515.1786	28922.49163
515.275	28974.62944
515.3714	29029.80406
515.4677	29070.15279
515.564	29093.79533
515.6604	29146.07143
515.7567	29204.67746
515.853	29232.30981
515.9493	29240.37879
516.0456	29261.48783
516.1419	29290.90094
516.2382	29312.2531
516.3345	29319.13115
516.4308	29338.89236
516.5271	29386.73396
516.6233	29415.91989
516.7196	29439.59268
516.8159	29496.06573
516.9121	29566.86641
517.0083	29624.27283
517.1046	29652.754
517.2008	29671.89188
517.2971	29681.77106
517.3933	29693.70903
517.4895	29721.95034
517.5857	29751.02468
517.6819	29769.7867
517.7781	29789.52605
517.8743	29836.05163
517.9705	29896.54651
518.0666	29952.00407
518.1628	30000.30021
518.259	30061.30606
518.3551	30140.55841
518.4513	30207.29383
518.5474	30248.94953
518.6435	30302.42835
518.7397	30359.54469
518.8358	30388.46308
518.9319	30398.86061
519.028	30431.48096
519.1241	30469.14223
519.2202	30495.42135
519.3163	30527.31336
519.4124	30564.62512
519.5085	30591.87336
519.6046	30619.22827
519.7007	30662.4039
519.7967	30711.39866
519.8928	30760.00578
519.9888	30798.49443
520.0849	30829.86829
520.1809	30869.42544
520.2769	30905.74994
520.373	30901.17381
520.469	30881.19117
520.565	30895.09373
520.661	30914.85253
520.757	30925.75316
520.853	30952.3419
520.949	30991.57373
521.045	31013.24725
521.1409	31029.14248
521.2369	31045.29576
521.3329	31063.16373
521.4288	31095.1924
521.5248	31133.0803
521.6207	31158.96303
521.7167	31157.73328
521.8126	31142.47821
521.9085	31136.98546
522.0044	31139.57535
522.1004	31144.98857
522.1963	31150.38906
522.2922	31143.79605
522.3881	31134.30227
522.484	31155.66978
522.5798	31185.57678
522.6757	31204.29365
522.7716	31216.97681
522.8674	31210.8773
522.9633	31190.12458
523.0592	31182.18964
523.155	31198.69162
523.2508	31219.53853
523.3467	31240.90499
523.4425	31248.60449
523.5383	31252.28578
523.6341	31261.85733
523.7299	31280.59113
523.8257	31310.54248
523.9215	31329.83488
524.0173	31337.67422
524.1131	31326.38908
524.2089	31312.89223
524.3046	31321.71982
524.4004	31342.61883
524.4962	31337.94624
524.5919	31313.68387
524.6877	31302.06267
524.7834	31299.12552
524.8791	31325.13668
524.9749	31354.86927
525.0706	31364.26791
525.1663	31346.78363
525.262	31342.29245
525.3577	31332.24176
525.4534	31314.39069
525.5491	31308.52236
525.6448	31322.24366
525.7404	31329.75897
525.8361	31307.21111
525.9318	31282.54557
526.0274	31264.36513
526.1231	31285.27641
526.2187	31336.48623
526.3144	31345.67113
526.41	31315.71718
526.5056	31317.59941
526.6012	31327.59391
526.6969	31327.46639
526.7925	31315.54907
526.8881	31289.80022
526.9837	31255.57689
527.0793	31235.77759
527.1748	31236.08847
527.2704	31219.31725
527.366	31195.42294
527.4615	31180.92562
527.5571	31165.21526
527.6527	31147.069
527.7482	31135.79084
527.8437	31140.01957
527.9393	31141.81445
528.0348	31143.41464
528.1303	31127.67006
528.2258	31068.92325
528.3213	31021.79781
528.4168	31018.50671
528.5123	31017.2857
528.6078	30992.97783
528.7033	30963.39543
528.7988	30942.55554
528.8943	30941.40429
528.9897	30949.13751
529.0852	30952.23317
529.1806	30938.91753
529.2761	30926.75726
529.3715	30925.80794
529.4669	30918.07425
529.5624	30903.61559
529.6578	30897.33916
529.7532	30894.11846
529.8486	30895.1221
529.944	30895.65476
530.0394	30889.87569
530.1348	30886.81418
530.2302	30896.44423
530.3256	30914.46927
530.4209	30928.48545
530.5163	30929.10852
530.6117	30929.31529
530.707	30929.50958
530.8024	30918.82058
530.8977	30891.23439
530.993	30870.09454
531.0884	30846.87157
531.1837	30810.73043
531.279	30782.72287
531.3743	30784.51564
531.4696	30786.29894
531.5649	30770.56779
531.6602	30727.11615
531.7555	30683.10074
531.8507	30644.82529
531.946	30610.0505
532.0413	30579.56153
532.1365	30552.60728
532.2318	30522.30481
532.327	30491.81065
532.4223	30453.56989
532.5175	30398.87635
532.6127	30353.33315
532.708	30327.86062
532.8032	30307.31824
532.8984	30294.31907
532.9936	30275.68455
533.0888	30247.43256
533.184	30226.34068
533.2791	30198.13019
533.3743	30151.10093
533.4695	30116.71247
533.5647	30090.81776
533.6598	30058.83742
533.755	30034.67632
533.8501	30023.96616
533.9453	30010.2833
534.0404	29988.47943
534.1355	29949.62931
534.2306	29901.29076
534.3258	29853.87354
534.4209	29815.99149
534.516	29813.25031
534.6111	29814.09378
534.7061	29795.03129
534.8012	29739.55109
534.8963	29684.30801
534.9914	29650.02142
535.0865	29622.08539
535.1815	29587.06019
535.2766	29551.61786
535.3716	29515.22105
535.4667	29473.91601
535.5617	29439.97811
535.6567	29417.25197
535.7517	29387.56158
535.8468	29340.87781
535.9418	29296.24224
536.0368	29258.83384
536.1318	29227.59905
536.2268	29204.79752
536.3217	29182.63406
536.4167	29148.02523
536.5117	29071.11623
536.6066	28990.41999
536.7016	28930.85476
536.7966	28900.5095
536.8915	28858.12853
536.9864	28797.80171
537.0814	28739.94044
537.1763	28688.98556
537.2712	28633.01679
537.3661	28573.19588
537.4611	28517.26722
537.556	28462.80906
537.6509	28408.87718
537.7457	28354.03852
537.8406	28293.26637
537.9355	28232.12609
538.0304	28175.46725
538.1253	28121.59891
538.2201	28066.5418
538.315	28014.75161
538.4098	28005.94793
538.5046	28008.81583
538.5995	27996.88783
538.6943	27957.00918
538.7891	27914.48121
538.8839	27880.7631
538.9788	27871.54677
539.0736	27856.07459
539.1684	27809.66802
539.2631	27765.45369
539.3579	27735.85008
539.4527	27702.02075
539.5475	27661.0374
539.6422	27626.60484
539.737	27611.35016
539.8318	27597.07952
539.9265	27575.54381
540.0213	27539.78982
540.116	27500.51299
540.2107	27455.97436
540.3054	27389.76757
540.4002	27293.96569
540.4949	27198.9264
540.5896	27122.11066
540.6843	27083.28853
540.779	27050.92982
540.8736	26986.03959
540.9683	26913.15679
541.063	26863.724
541.1577	26863.80689
541.2523	26860.66353
541.347	26830.0299
541.4416	26787.55001
541.5363	26756.3145
541.6309	26729.70589
541.7255	26679.06301
541.8201	26614.33371
541.9148	26557.59429
542.0094	26508.78428
542.104	26461.36311
542.1986	26419.92209
542.2932	26392.63551
542.3877	26375.04475
542.4823	26364.48658
542.5769	26347.69321
542.6715	26303.37915
542.766	26257.37738
542.8606	26236.54489
542.9551	26221.19828
543.0497	26176.12844
543.1442	26087.01514
543.2387	26001.46519
543.3333	25954.6402
543.4278	25923.97526
543.5223	25879.01394
543.6168	25827.62473
543.7113	25806.53929
543.8058	25793.44629
543.9003	25765.15826
543.9947	25735.29576
544.0892	25709.86968
544.1837	25681.48409
544.2781	25651.76381
544.3726	25622.51146
544.4671	25592.53668
544.5615	25560.67956
544.6559	25529.58844
544.7504	25497.46212
544.8448	25458.8429
544.9392	25418.44078
545.0336	25387.14957
545.128	25387.2187
545.2224	25387.22225
545.3168	25357.92164
545.4112	25319.00639
545.5056	25286.00946
545.5999	25250.44381
545.6943	25185.4368
545.7887	25116.99948
545.883	25068.35671
545.9774	25022.13812
546.0717	24971.5707
546.1661	24927.29668
546.2604	24885.19057
546.3547	24828.25542
546.449	24770.66947
546.5433	24725.3561
546.6376	24679.8958
546.7319	24636.97809
546.8262	24596.76252
546.9205	24550.5058
547.0148	24500.44544
547.1091	24457.96528
547.2033	24416.64
547.2976	24366.7426
547.3919	24316.38711
547.4861	24264.3435
547.5803	24207.36879
547.6746	24150.37668
547.7688	24100.12937
547.863	24056.2667
547.9573	24020.91859
548.0515	23994.67455
548.1457	23956.02122
548.2399	23907.77636
548.3341	23863.67547
548.4283	23815.48475
548.5224	23753.37262
548.6166	23692.13971
548.7108	23643.16971
548.8049	23607.92458
548.8991	23568.32627
548.9932	23505.95732
549.0874	23435.70188
549.1815	23368.36441
549.2757	23310.88934
549.3698	23261.05147
549.4639	23217.69934
549.558	23177.70538
549.6521	23137.93882
549.7462	23093.91883
549.8403	23042.56667
549.9344	22987.65028
550.0285	22925.85701
550.1226	22867.50297
550.2166	22811.89927
550.3107	22754.42094
550.4047	22702.80096
550.4988	22672.08127
550.5928	22642.55681
550.6869	22592.961
550.7809	22527.71465
550.8749	22473.5158
550.9689	22443.83177
551.063	22411.00272
551.157	22375.73308
551.251	22341.61514
551.345	22302.72137
551.4389	22245.42866
551.5329	22188.33919
551.6269	22141.86091
551.7209	22109.85629
551.8148	22081.99685
551.9088	22047.36892
552.0027	21989.56289
552.0967	21930.97307
552.1906	21893.63176
552.2845	21861.20372
552.3785	21822.05434
552.4724	21755.11454
552.5663	21683.15932
552.6602	21614.11305
552.7541	21545.56617
552.848	21477.88711
552.9419	21419.55967
553.0358	21370.57156
553.1297	21332.00283
553.2235	21287.57509
553.3174	21237.12038
553.4112	21188.96809
553.5051	21137.26216
553.5989	21071.77559
553.6928	20993.03957
553.7866	20911.55775
553.8804	20846.24117
553.9742	20809.04833
554.0681	20771.08905
554.1619	20725.38443
554.2557	20685.44986
554.3495	20649.46866
554.4433	20602.7925
554.537	20557.52408
554.6308	20532.48577
554.7246	20510.99782
554.8184	20484.38744
554.9121	20444.24078
555.0059	20397.24142
555.0996	20336.58121
555.1934	20275.86633
555.2871	20228.74923
555.3808	20183.34162
555.4745	20142.07587
555.5682	20120.14569
555.6619	20109.70188
555.7556	20099.61287
555.8493	20070.86529
555.943	20025.03945
556.0367	19982.97527
556.1304	19944.46494
556.2241	19902.49626
556.3177	19861.78277
556.4114	19837.04887
556.505	19808.31849
556.5987	19773.79479
556.6923	19741.77613
556.7859	19708.07597
556.8796	19660.97378
556.9732	19617.85109
557.0668	19599.60071
557.1604	19580.31566
557.254	19543.62033
557.3476	19512.724
557.4412	19489.01384
557.5348	19455.49195
557.6284	19418.59318
557.7219	19379.92019
557.8155	19340.18446
557.9091	19306.86924
558.0026	19272.58904
558.0961	19236.40986
558.1897	19209.58563
558.2832	19184.06788
558.3768	19146.63685
558.4703	19109.31202
558.5638	19073.88113
558.6573	19035.23488
558.7508	18999.66943
558.8443	18976.18623
558.9378	18944.40622
559.0313	18891.70739
559.1247	18846.85339
559.2182	18825.4111
559.3117	18804.57657
559.4051	18775.57666
559.4986	18739.67738
559.592	18696.72436
559.6855	18646.14975
559.7789	18595.82436
559.8723	18549.83074
559.9658	18504.63616
560.0592	18455.69045
560.1526	18395.83739
560.246	18342.48408
560.3394	18305.56211
560.4328	18266.99301
560.5262	18223.11688
560.6195	18175.26434
560.7129	18124.32111
560.8063	18086.87886
560.8996	18056.19942
560.993	18021.15409
561.0863	17964.39596
561.1797	17897.74631
561.273	17832.11782
561.3663	17776.57638
561.4597	17728.988
561.553	17692.96684
561.6463	17660.73312
561.7396	17625.5195
561.8329	17582.21121
561.9262	17538.3632
562.0195	17497.40651
562.1127	17462.42235
562.206	17422.90522
562.2993	17383.52334
562.3925	17347.86515
562.4858	17303.93854
562.579	17256.67973
562.6723	17209.18251
562.7655	17154.38484
562.8587	17100.10151
562.952	17053.85145
563.0452	17013.89375
563.1384	16980.44667
563.2316	16942.66372
563.3248	16896.82699
563.418	16850.37356
563.5112	16803.68445
563.6043	16760.65547
563.6975	16732.41439
563.7907	16712.64682
563.8839	16693.22855
563.977	16651.93046
564.0701	16603.41341
564.1633	16561.20122
564.2564	16516.45534
564.3496	16464.80602
564.4427	16419.48383
564.5358	16379.09844
564.6289	16337.91193
564.722	16294.44817
564.8151	16243.18511
564.9082	16189.81026
565.0013	16137.40803
565.0944	16088.30334
565.1874	16044.43423
565.2805	16002.50093
565.3736	15958.7199
565.4666	15912.15576
565.5597	15858.83448
565.6527	15801.1026
565.7458	15741.96774
565.8388	15694.23576
565.9318	15663.749
566.0248	15632.39148
566.1178	15582.20006
566.2108	15528.74774
566.3038	15484.27987
566.3968	15437.42017
566.4898	15388.50263
566.5828	15341.77365
566.6758	15296.12711
566.7687	15253.30397
566.8617	15213.4069
566.9547	15169.5984
567.0476	15123.4552
567.1405	15085.35531
567.2335	15045.77189
567.3264	14993.86003
567.4193	14942.62081
567.5122	14899.95582
567.6052	14858.32946
567.6981	14813.64082
567.791	14758.82333
567.8839	14699.72345
567.9767	14642.27898
568.0696	14601.83675
568.1625	14568.41412
568.2554	14525.11792
568.3482	14481.33584
568.4411	14434.82259
568.5339	14385.0714
568.6268	14348.1325
568.7196	14314.64587
568.8124	14262.4635
568.9053	14208.69941
568.9981	14171.74921
569.0909	14134.14446
569.1837	14089.35138
569.2765	14051.62858
569.3693	14020.11189
569.4621	13979.76341
569.5549	13921.28627
569.6476	13868.74798
569.7404	13837.15454
569.8332	13793.08443
569.9259	13750.92731
570.0187	13702.5711
570.1114	13650.78917
570.2042	13609.20396
570.2969	13578.48577
570.3896	13551.73299
570.4823	13512.84069
570.575	13463.03151
570.6677	13417.58842
570.7604	13401.88059
570.8532	13379.91927
570.9458	13337.80184
571.0385	13300.60913
571.1312	13266.99334
571.2239	13233.42617
571.3165	13194.20767
571.4092	13161.00422
571.5018	13148.58296
571.5945	13125.26665
571.6871	13067.27808
571.7798	13027.35667
571.8724	12987.61971
571.965	12950.54717
572.0576	12925.45079
572.1502	12890.20666
572.2428	12849.43704
572.3354	12810.75418
572.428	12783.89137
572.5206	12755.1882
572.6132	12704.71707
572.7057	12645.63323
572.7983	12590.64329
572.8908	12555.92391
572.9834	12512.32505
573.0759	12469.06942
573.1685	12427.45431
573.261	12388.61444
573.3535	12356.60035
573.4461	12314.09887
573.5386	12279.72607
573.6311	12245.09275
573.7236	12202.3372
573.8161	12176.73997
573.9086	12155.00561
574.001	12124.52873
574.0935	12099.52374
574.186	12067.96317
574.2785	12037.52346
574.3709	12006.79127
574.4634	11974.27839
574.5558	11955.58727
574.6483	11940.89055
574.7407	11916.86699
574.8331	11880.98788
574.9255	11852.49633
575.018	11827.14059
575.1104	11799.88055
575.2028	11771.43233
575.2952	11733.48509
575.3876	11702.46573
575.4799	11680.52494
575.5723	11668.42486
575.6647	11656.94867
575.757	11620.55332
575.8494	11576.14119
575.9418	11530.24908
576.0341	11494.0654
576.1264	11473.30027
576.2188	11437.37755
576.3111	11396.23003
576.4034	11377.85038
576.4957	11362.78771
576.588	11348.69265
576.6804	11352.09099
576.7726	11355.0775
576.8649	11347.68392
576.9572	11339.65304
577.0495	11335.76069
577.1418	11332.56076
577.234	11323.83673
577.3263	11314.38021
577.4185	11283.66869
577.5108	11259.23336
577.603	11259.75249
577.6953	11259.02502
577.7875	11249.38445
577.8797	11251.63676
577.9719	11246.74354
578.0642	11238.2098
578.1563	11250.31105
578.2486	11255.60701
578.3407	11250.77014
578.4329	11243.73852
578.5251	11237.79267
578.6173	11225.79468
578.7094	11216.09482
578.8016	11202.73911
578.8937	11187.09791
578.9859	11183.63748
579.078	11186.60111
579.1702	11194.34718
579.2623	11195.80533
579.3544	11215.74898
579.4465	11228.42725
579.5387	11234.61208
579.6308	11240.36381
579.7229	11268.87221
579.8149	11281.76423
579.907	11294.24413
579.9991	11302.2977
580.0912	11298.6405
580.1833	11313.54303
580.2753	11337.48549
580.3674	11355.39961
580.4594	11365.90714
580.5515	11385.38135
580.6435	11406.67131
580.7355	11427.65398
580.8275	11443.6107
580.9196	11448.78512
581.0116	11454.58769
581.1036	11468.28571
581.1956	11480.4814
581.2876	11489.66052
581.3796	11502.98139
581.4715	11511.19364
581.5635	11518.63087
581.6555	11507.16888
581.7474	11511.7967
581.8394	11506.43894
581.9313	11517.29583
582.0233	11533.48373
582.1152	11548.7491
582.2072	11541.1416
582.2991	11544.13528
582.391	11560.24022
582.4829	11568.07136
582.5748	11572.57602
582.6667	11575.86197
582.7586	11582.2349
582.8505	11592.81983
582.9424	11594.27407
583.0343	11598.23402
583.1261	11598.62167
583.218	11602.98492
583.3098	11615.88811
583.4017	11622.47083
583.4935	11634.55101
583.5854	11655.49098
583.6772	11651.71227
583.769	11667.68227
583.8609	11677.42858
583.9527	11680.22685
584.0445	11682.50349
584.1363	11690.98488
584.2281	11686.43803
584.3198	11669.78213
584.4116	11657.96965
584.5034	11647.67906
584.5952	11643.47236
584.6869	11643.58416
584.7787	11636.25527
584.8704	11634.53735
584.9622	11626.53184
585.0539	11624.85691
585.1457	11621.03448
585.2374	11599.50305
585.3291	11578.45
585.4208	11564.21702
585.5125	11550.09076
585.6042	11552.12515
585.6959	11543.16638
585.7876	11529.87558
585.8793	11514.53444
585.971	11498.22957
586.0626	11479.81505
586.1543	11466.07591
586.2459	11457.96353
586.3376	11445.90972
586.4293	11431.36648
586.5209	11416.3258
586.6125	11396.06999
586.7041	11383.94266
586.7958	11367.68796
586.8874	11343.9485
586.979	11317.00471
587.0706	11297.10417
587.1622	11281.27874
587.2538	11262.94445
587.3454	11242.05909
587.4369	11218.003
587.5285	11191.35871
587.6201	11169.38985
587.7116	11150.24141
587.8032	11131.67252
587.8947	11114.56612
587.9863	11097.99764
588.0778	11073.3553
588.1693	11050.48654
588.2608	11025.85342
588.3524	10999.51844
588.4439	10982.11616
588.5354	10962.0413
588.6269	10943.97182
588.7184	10917.39714
588.8098	10895.22017
588.9013	10878.72388
588.9928	10853.3786
589.0842	10831.67047
589.1757	10822.37086
589.2672	10806.08858
589.3586	10785.64351
589.45	10761.51669
589.5415	10727.52116
589.6329	10694.74383
589.7243	10666.55877
589.8157	10635.89621
589.9072	10605.25559
589.9986	10581.40692
590.09	10554.9315
590.1813	10526.44849
590.2727	10512.79633
590.3641	10485.34591
590.4555	10456.81697
590.5468	10427.40741
590.6382	10406.26503
590.7296	10384.21259
590.8209	10355.5542
590.9122	10330.76976
591.0036	10301.78771
591.0949	10265.81106
591.1862	10234.03999
591.2775	10203.87797
591.3689	10174.79913
591.4602	10151.62394
591.5515	10125.65131
591.6427	10093.16745
591.734	10058.3297
591.8253	10027.6467
591.9166	9999.29544
592.0079	9969.12464
592.0991	9941.5348
592.1904	9905.1211
592.2816	9872.85441
592.3729	9842.13498
592.4641	9806.89769
592.5553	9771.01688
592.6466	9734.59171
592.7378	9701.74886
592.829	9667.72645
592.9202	9630.70147
593.0114	9593.45304
593.1026	9558.13403
593.1938	9525.47257
593.2849	9498.15713
593.3761	9472.32325
593.4673	9442.84558
593.5584	9418.89561
593.6496	9397.41461
593.7408	9370.37672
593.8319	9339.66591
593.923	9309.97999
594.0142	9284.28251
594.1053	9252.78538
594.1964	9221.67635
594.2875	9195.64516
594.3786	9170.53329
594.4697	9142.77535
594.5608	9115.9535
594.6519	9088.97918
594.743	9062.15229
594.834	9037.74623
594.9251	9007.29506
595.0162	8977.67308
595.1072	8945.6684
595.1983	8910.375
595.2893	8874.38031
595.3804	8841.7052
595.4714	8806.18187
595.5624	8771.13328
595.6534	8741.09103
595.7444	8713.35337
595.8355	8681.73949
595.9265	8641.89115
596.0174	8613.80072
596.1084	8583.99136
596.1994	8550.30483
596.2904	8513.13406
596.3814	8480.78414
596.4723	8452.09163
596.5633	8424.58818
596.6542	8396.47615
596.7452	8363.58127
596.8361	8339.19464
596.9271	8310.90065
597.018	8280.97161
597.1089	8251.62868
597.1998	8221.49603
597.2907	8193.36109
597.3816	8170.29973
597.4725	8144.66744
597.5634	8112.82642
597.6543	8083.22465
597.7451	8059.22196
597.836	8038.05478
597.9269	8004.55318
598.0177	7975.03265
598.1086	7939.47189
598.1994	7915.03049
598.2903	7891.7016
598.3811	7859.7397
598.4719	7831.0677
598.5628	7799.64563
598.6536	7776.50766
598.7444	7747.57789
598.8352	7717.50872
598.926	7691.95877
599.0168	7666.90138
599.1075	7644.55124
599.1983	7615.39226
599.2891	7579.32952
599.3799	7552.93628
599.4706	7528.05563
599.5614	7497.82061
599.6521	7467.13681
599.7428	7437.54285
599.8336	7413.20241
599.9243	7385.80203
600.015	7364.04497
600.1057	7330.22364
600.1965	7295.75883
600.2872	7273.17077
600.3779	7244.32352
600.4686	7214.16303
600.5592	7183.21448
600.6499	7153.72791
600.7406	7126.85452
600.8312	7099.91772
600.9219	7072.68055
601.0126	7042.37493
601.1032	7015.89766
601.1938	6987.69416
601.2845	6957.31919
601.3751	6934.80351
601.4657	6913.45193
601.5563	6891.46911
601.647	6866.99856
601.7376	6837.78159
601.8282	6813.25168
601.9188	6793.59623
602.0093	6777.22339
602.0999	6756.15703
602.1905	6727.05645
602.2811	6700.75912
602.3716	6676.2718
602.4622	6652.57593
602.5527	6629.31836
602.6433	6609.89272
602.7338	6585.16029
602.8243	6560.83934
602.9148	6536.74788
603.0054	6510.85876
603.0959	6487.64042
603.1864	6460.94231
603.2769	6429.1879
603.3674	6400.5163
603.4579	6371.47091
603.5483	6345.64644
603.6388	6322.83677
603.7293	6295.0666
603.8197	6262.38725
603.9102	6230.3043
604.0006	6202.8451
604.0911	6181.95064
604.1815	6155.34502
604.2719	6128.07702
604.3624	6099.11486
604.4528	6069.36048
604.5432	6041.77365
604.6336	6018.706
604.724	5996.87896
604.8144	5972.73416
604.9048	5949.97969
604.9951	5925.84799
605.0855	5902.7066
605.1759	5879.45075
605.2663	5854.92904
605.3566	5832.23952
605.447	5809.96154
605.5373	5790.23377
605.6276	5771.32083
605.718	5752.23463
605.8083	5733.6465
605.8986	5710.75982
605.9889	5680.86112
606.0792	5658.67072
606.1695	5639.46773
606.2598	5616.17163
606.3501	5596.88706
606.4404	5575.12464
606.5307	5552.33337
606.6209	5525.52024
606.7112	5503.39882
606.8015	5482.9934
606.8917	5463.3866
606.982	5441.20073
607.0722	5418.88997
607.1624	5397.97152
607.2527	5372.51967
607.3429	5345.19254
607.4331	5318.38095
607.5233	5294.63037
607.6135	5272.27902
607.7037	5250.47367
607.7939	5231.32403
607.8841	5210.44793
607.9742	5188.28671
608.0644	5167.50984
608.1546	5151.23411
608.2447	5128.61714
608.3349	5103.50347
608.425	5081.37529
608.5152	5064.67903
608.6053	5043.86999
608.6954	5020.81797
608.7855	4997.63494
608.8756	4978.60887
608.9658	4961.81597
609.0559	4943.06804
609.146	4926.07078
609.236	4910.56071
609.3261	4889.21751
609.4162	4867.9179
609.5063	4847.47783
609.5964	4827.01508
609.6864	4808.96244
609.7764	4791.04941
609.8665	4770.22261
609.9565	4749.38713
610.0466	4729.04674
610.1366	4712.01112
610.2266	4694.15646
610.3166	4672.85095
610.4067	4649.54033
610.4967	4628.03171
610.5866	4607.96601
610.6766	4588.97541
610.7666	4571.49409
610.8566	4550.99033
610.9466	4528.82956
611.0365	4506.92274
611.1265	4485.24857
611.2165	4469.10913
611.3064	4451.86495
611.3963	4433.0459
611.4863	4413.92017
611.5762	4394.40223
611.6661	4377.75566
611.756	4361.56829
611.846	4345.58728
611.9359	4329.89241
612.0258	4313.45271
612.1156	4300.39399
612.2055	4289.24828
612.2954	4277.88987
612.3853	4265.25066
612.4751	4250.51498
612.565	4235.42849
612.6549	4219.75914
612.7447	4203.18049
612.8346	4187.59451
612.9244	4171.57988
613.0142	4154.78242
613.104	4138.57952
613.1939	4121.36645
613.2837	4104.93388
613.3735	4089.45294
613.4633	4071.85997
613.5531	4052.36187
613.6428	4036.36826
613.7326	4019.21692
613.8224	4000.26657
613.9122	3981.51419
614.0019	3961.68686
614.0917	3940.81836
614.1814	3922.17148
614.2712	3904.27501
614.3609	3886.84901
614.4506	3872.28699
614.5404	3857.19389
614.6301	3842.19481
614.7198	3828.92857
614.8095	3816.05543
614.8992	3803.29024
614.9889	3788.00321
615.0786	3775.11848
615.1683	3762.99115
615.2579	3748.74223
615.3476	3735.38614
615.4373	3723.12746
615.5269	3709.14104
615.6166	3697.27182
615.7062	3686.30066
615.7959	3675.5114
615.8855	3666.70844
615.9751	3654.4041
616.0647	3640.43839
616.1544	3626.82321
616.244	3613.93214
616.3335	3598.108
616.4231	3581.54688
616.5127	3567.39357
616.6023	3552.57634
616.6919	3537.4695
616.7815	3524.18916
616.871	3511.80538
616.9606	3499.03412
617.0501	3485.48665
617.1397	3474.20533
617.2292	3463.35381
617.3188	3451.73545
617.4083	3441.82453
617.4978	3429.52228
617.5873	3414.92271
617.6768	3401.5153
617.7663	3386.27788
617.8558	3373.7798
617.9453	3362.70384
618.0348	3351.78812
618.1243	3340.95853
618.2137	3330.56967
618.3032	3321.01875
618.3927	3309.77385
618.4821	3300.57457
618.5716	3293.103
618.661	3282.99332
618.7504	3271.63923
618.8399	3260.45863
618.9293	3249.29829
619.0187	3237.78213
619.1081	3224.39271
619.1975	3212.14488
619.2869	3200.26005
619.3763	3188.5685
619.4657	3177.81776
619.5551	3166.51954
619.6444	3156.38713
619.7338	3147.8254
619.8232	3139.1029
619.9125	3129.37758
620.0018	3119.74961
620.0912	3110.18791
620.1805	3099.93994
620.2699	3091.57928
620.3592	3081.57845
620.4485	3069.57849
620.5378	3058.16316
620.6271	3049.85588
620.7164	3039.22033
620.8057	3027.9393
620.895	3017.01427
620.9843	3008.9152
621.0735	2999.58601
621.1628	2987.53171
621.2521	2975.91387
621.3413	2966.15278
621.4306	2956.27714
621.5198	2946.34413
621.609	2935.2337
621.6983	2923.63623
621.7875	2913.48419
621.8767	2904.42644
621.9659	2894.73605
622.0551	2883.74315
622.1443	2870.67701
622.2335	2857.88806
622.3227	2847.6329
622.4119	2838.80969
622.501	2828.99784
622.5902	2819.494
622.6794	2808.91143
622.7685	2798.23492
622.8577	2787.39099
622.9468	2778.12667
623.036	2771.54492
623.1251	2762.95039
623.2142	2752.55375
623.3033	2741.7491
623.3924	2730.40007
623.4816	2720.50125
623.5707	2710.69273
623.6598	2699.26349
623.7488	2686.48015
623.8379	2676.72275
623.927	2669.06945
624.016	2662.2176
624.1051	2652.68381
624.1942	2640.68072
624.2832	2629.17731
624.3723	2617.64808
624.4613	2608.25454
624.5503	2600.85989
624.6394	2594.57434
624.7284	2584.86229
624.8174	2573.01515
624.9064	2560.89568
624.9954	2550.01917
625.0844	2540.49939
625.1734	2532.78475
625.2624	2523.37748
625.3514	2512.64694
625.4403	2501.57974
625.5293	2491.83077
625.6182	2483.59667
625.7072	2472.01727
625.7961	2459.86743
625.8851	2449.6324
625.974	2439.86883
626.0629	2431.72942
626.1518	2423.05831
626.2408	2414.40548
626.3297	2404.06734
626.4186	2392.59138
626.5075	2380.51111
626.5964	2370.30024
626.6852	2361.3621
626.7741	2351.70994
626.863	2341.68048
626.9519	2332.23842
627.0407	2320.99451
627.1296	2311.29073
627.2184	2302.82722
627.3072	2295.33785
627.3961	2286.94825
627.4849	2277.81835
627.5737	2269.71101
627.6625	2259.68753
627.7514	2248.74556
627.8402	2238.62208
627.929	2229.12336
628.0177	2219.4416
628.1065	2208.53917
628.1953	2198.14159
628.2841	2188.81647
628.3728	2179.20081
628.4616	2170.89797
628.5504	2162.79731
628.6391	2153.30928
628.7278	2143.59646
628.8166	2133.76661
628.9053	2123.99081
628.994	2115.11865
629.0828	2105.84505
629.1715	2094.68465
629.2602	2084.14394
629.3489	2073.92638
629.4375	2065.74129
629.5262	2059.40009
629.6149	2053.19215
629.7036	2045.19629
629.7923	2037.58958
629.8809	2028.57304
629.9696	2020.99953
630.0582	2014.44544
630.1469	2007.5785
630.2355	2000.80024
630.3241	1994.71662
630.4128	1986.35761
630.5014	1978.85904
630.59	1971.50218
630.6786	1964.04839
630.7672	1956.80293
630.8558	1949.10087
630.9444	1940.67583
631.0329	1933.12755
631.1215	1926.32368
631.2101	1920.64709
631.2986	1912.43101
631.3872	1902.18292
631.4758	1891.92364
631.5643	1882.98423
631.6528	1874.08036
631.7414	1864.86523
631.8299	1855.73897
631.9184	1846.91326
632.0069	1837.4187
632.0954	1827.52445
632.1839	1816.13293
632.2724	1807.48496
632.3609	1799.10006
632.4494	1792.33068
632.5379	1784.52176
632.6263	1775.90131
632.7148	1768.28832
632.8033	1762.78957
632.8917	1756.27064
632.9801	1748.93338
633.0686	1739.93724
633.157	1731.82383
633.2454	1725.80309
633.3339	1719.11451
633.4223	1712.66537
633.5107	1704.8461
633.5991	1698.8129
633.6875	1690.90242
633.7759	1683.05876
633.8643	1676.7886
633.9526	1670.57384
634.041	1664.37137
634.1294	1657.52128
634.2177	1650.93969
634.3061	1643.59593
634.3944	1637.05617
634.4828	1631.50315
634.5711	1625.77971
634.6594	1616.91416
634.7477	1608.55747
634.8361	1600.69346
634.9244	1592.86214
635.0127	1585.9032
635.101	1578.92158
635.1893	1572.12835
635.2775	1563.78698
635.3658	1557.19005
635.4541	1550.38749
635.5424	1544.99232
635.6306	1539.28954
635.7189	1532.57547
635.8071	1525.74182
635.8954	1518.69798
635.9836	1511.34115
636.0718	1504.41338
636.16	1497.46462
636.2482	1491.05202
636.3365	1485.07142
636.4247	1477.99911
636.5129	1471.36326
636.6011	1465.65385
636.6892	1460.17394
636.7774	1454.99724
636.8656	1449.15344
636.9538	1442.68988
637.0419	1436.61635
637.1301	1432.45713
637.2182	1427.86066
637.3064	1422.46766
637.3945	1416.29762
637.4826	1409.85626
637.5707	1403.17828
637.6589	1396.52663
637.747	1390.5852
637.8351	1384.63997
637.9232	1378.17788
638.0113	1372.11496
638.0994	1366.05436
638.1874	1359.42903
638.2755	1352.92533
638.3636	1347.60443
638.4516	1343.2682
638.5397	1337.75823
638.6277	1331.98966
638.7158	1326.82793
638.8038	1321.7495
638.8919	1315.97749
638.9799	1309.30723
639.0679	1302.27388
639.1559	1295.66651
639.2439	1289.68341
639.3319	1283.73557
639.4199	1278.15553
639.5079	1273.23463
639.5959	1267.89117
639.6839	1262.4608
639.7718	1256.73312
639.8598	1250.31488
639.9478	1243.83731
640.0357	1237.50447
640.1236	1232.15296
640.2116	1227.93325
640.2995	1222.41652
640.3874	1216.52561
640.4754	1211.01932
640.5633	1205.25189
640.6512	1199.20964
640.7391	1193.27168
640.827	1187.88313
640.9149	1183.02453
641.0027	1178.72672
641.0906	1173.95253
641.1785	1169.13246
641.2664	1164.61103
641.3542	1160.0106
641.4421	1155.53657
641.5299	1150.51875
641.6178	1144.91878
641.7056	1139.95638
641.7934	1135.29455
641.8812	1130.35304
641.9691	1124.42338
642.0569	1117.54518
642.1447	1110.96711
642.2325	1105.99709
642.3202	1100.36233
642.408	1094.20522
642.4958	1088.21131
642.5836	1083.28834
642.6713	1078.5807
642.7591	1073.37335
642.8469	1067.26106
642.9346	1061.60639
643.0223	1056.23085
643.1101	1050.61826
643.1978	1045.07601
643.2855	1039.10404
643.3732	1034.07262
643.461	1030.08575
643.5487	1025.5194
643.6364	1020.52184
643.7241	1015.88402
643.8117	1011.49995
643.8994	1006.75798
643.9871	1001.65867
644.0747	996.71079
644.1624	992.09867
644.2501	988.5485
644.3377	984.67587
644.4253	979.92426
644.513	975.15449
644.6006	971.29369
644.6882	967.92528
644.7759	964.45121
644.8635	960.86395
644.9511	957.10735
645.0387	952.53202
645.1263	947.87709
645.2139	943.18535
645.3014	938.3269
645.389	934.26754
645.4766	930.36389
645.5641	925.8459
645.6517	921.66921
645.7392	918.25781
645.8268	914.34626
645.9143	909.36097
646.0019	904.49624
646.0894	899.65635
646.1769	895.12316
646.2644	891.26224
646.3519	886.76754
646.4394	881.48035
646.5269	876.44878
646.6144	871.75442
646.7019	866.84901
646.7894	861.80785
646.8768	857.0421
646.9643	852.8603
647.0517	848.90274
647.1392	844.79412
647.2266	839.72442
647.3141	834.42927
647.4015	829.93065
647.4889	825.304
647.5764	820.07602
647.6638	815.23844
647.7512	811.40674
647.8386	807.66349
647.926	804.37896
648.0134	801.0429
648.1007	797.43357
648.1881	793.86643
648.2755	790.98801
648.3628	787.86609
648.4502	784.19795
648.5376	780.73911
648.6249	777.94594
648.7123	774.74484
648.7996	771.32197
648.8869	767.69981
648.9742	764.14111
649.0616	761.23032
649.1489	758.31316
649.2362	754.78987
649.3234	751.13515
649.4108	747.68926
649.498	744.67003
649.5853	741.64829
649.6726	738.73324
649.7599	735.85066
649.8471	732.22362
649.9343	728.5883
650.0216	725.26664
650.1088	722.03765
650.1961	718.50425
650.2833	714.75667
650.3705	712.05382
650.4578	708.1935
650.5449	704.61177
650.6322	701.06886
650.7194	697.92892
650.8066	694.92155
650.8937	691.8118
650.9809	688.38092
651.0681	685.97969
651.1553	683.74013
651.2424	681.24195
651.3296	678.4897
651.4167	675.55423
651.5039	671.98786
651.591	668.0864
651.6781	664.77369
651.7653	661.94203
651.8524	659.26505
651.9395	656.27574
652.0266	653.29215
652.1137	651.27061
652.2008	647.93152
652.2879	645.3335
652.3749	642.50146
652.462	639.88896
652.5491	637.17751
652.6362	634.29962
652.7232	631.6941
652.8103	629.60202
652.8973	626.6689
652.9843	623.19597
653.0714	619.6955
653.1584	616.73031
653.2454	613.93888
653.3324	611.26183
653.4194	608.59087
653.5064	606.03841
653.5934	603.42133
653.6804	600.52531
653.7674	597.6299
653.8544	594.44471
653.9413	590.67613
654.0283	587.834
654.1153	585.51404
654.2022	583.27013
654.2892	580.68332
654.3761	578.07048
654.463	574.92306
654.55	571.80386
654.6369	568.80763
654.7238	567.02429
654.8107	566.05289
654.8976	565.08902
654.9845	562.41566
655.0714	560.42909
655.1583	557.67776
655.2451	555.09636
655.332	553.10234
655.4189	550.91099
655.5057	548.38525
655.5926	545.65909
655.6794	543.22791
655.7663	542.0214
655.8531	540.41036
655.9399	538.06286
656.0268	535.97586
656.1136	533.22426
656.2004	530.75653
656.2872	529.40007
656.374	528.77875
656.4608	527.57465
656.5476	524.247
656.6343	521.38425
656.7211	518.3643
656.8079	516.94382
656.8946	514.59191
656.9814	513.32015
657.0681	511.74352
657.1549	509.54912
657.2416	507.48738
657.3284	505.75406
657.4151	504.283
657.5018	502.43927
657.5885	499.75491
657.6752	496.98509
657.7619	494.39126
657.8486	492.22807
657.9353	490.52119
658.022	488.67524
658.1086	486.58104
658.1953	483.50919
658.282	480.7901
658.3686	479.53433
658.4553	477.66143
658.5419	476.29533
658.6285	473.29359
658.7152	470.77766
658.8018	469.32241
658.8884	467.57758
658.975	465.73642
659.0616	463.24855
659.1482	460.8639
659.2348	458.78838
659.3214	457.03731
659.408	455.54676
659.4946	453.74864
659.5811	452.05039
659.6677	450.15287
659.7543	448.90123
659.8408	446.95834
659.9274	445.01342
660.0139	443.16531
660.1004	441.315
660.187	439.10482
660.2735	436.57095
660.36	434.08359
660.4465	433.03513
660.533	431.65364
660.6195	429.12216
660.706	427.06239
660.7925	425.24191
660.8789	423.94393
660.9654	422.27565
661.0519	419.8809
661.1383	417.56684
661.2248	415.41333
661.3112	413.973
661.3977	413.30744
661.4841	412.59542
661.5705	411.03192
661.657	409.7593
661.7434	408.39833
661.8298	406.61086
661.9162	404.87784
662.0026	403.61086
662.089	402.3179
662.1753	400.70368
662.2617	398.54976
662.3481	396.82254
662.4345	395.86907
662.5208	394.61724
662.6072	392.67588
662.6935	390.87179
662.7799	389.70512
662.8662	388.86016
662.9525	387.88695
663.0389	386.99715
663.1252	385.9665
663.2115	383.49502
663.2978	380.41971
663.3841	378.19254
663.4704	376.53721
663.5567	375.09446
663.6429	374.07206
663.7292	372.72236
663.8155	371.35237
663.9017	369.87148
663.988	368.37174
664.0742	366.91398
664.1605	365.43347
664.2467	363.27417
664.3329	361.32744
664.4192	359.82728
664.5054	358.23621
664.5916	356.74419
664.6778	355.37077
664.764	353.99368
664.8502	352.78943
664.9364	351.10686
665.0226	349.66088
665.1087	348.80857
665.1949	347.85592
665.2811	346.17472
665.3672	344.41283
665.4534	342.893
665.5395	341.90722
665.6257	340.70707
665.7118	339.44372
665.7979	338.69562
665.884	337.8832
665.9702	336.57554
666.0563	335.60427
666.1424	334.69845
666.2284	333.65107
666.3146	332.53912
666.4006	331.26169
666.4867	329.7212
666.5728	328.10447
666.6588	326.14982
666.7449	324.67658
666.831	323.4653
666.917	322.13539
667.003	320.82401
667.0891	320.1153
667.1751	319.45597
667.2611	317.82239
667.3471	315.81232
667.4331	313.89946
667.5191	312.02732
667.6051	309.8397
667.6911	308.16587
667.7771	307.1713
667.8631	305.61947
667.9491	303.76443
668.035	302.10039
668.121	300.44361
668.2069	298.7557
668.2929	297.37176
668.3788	296.03076
668.4647	294.54998
668.5507	293.06098
668.6366	291.91843
668.7225	290.9854
668.8084	289.46897
668.8943	287.5464
668.9802	285.65839
669.0661	284.30077
669.152	283.03495
669.2379	281.70454
669.3238	280.11836
669.4096	278.7367
669.4955	277.66777
669.5814	276.35931
669.6672	275.23068
669.753	274.28273
669.8389	273.21491
669.9247	271.94848
670.0105	270.52382
670.0963	268.95641
670.1821	267.18408
670.268	265.4249
670.3538	263.55962
670.4396	261.44976
670.5253	258.91021
670.6111	256.82858
670.6969	255.24587
670.7827	253.89162
670.8684	252.66314
670.9542	251.43875
671.0399	249.68763
671.1257	247.86605
671.2114	245.9769
671.2971	243.4254
671.3829	240.91287
671.4686	238.54378
671.5543	236.0549
671.64	233.26145
671.7257	230.7334
671.8114	228.47041
671.8971	226.54665
671.9828	224.84561
672.0684	222.88735
672.1541	220.73118
672.2398	218.57626
672.3255	216.69503
672.4111	214.90089
672.4967	212.83271
672.5824	210.2301
672.668	207.23025
672.7536	204.37367
672.8393	202.34008
672.9249	200.67994
673.0105	199.1474
673.0961	197.46076
673.1817	195.35904
673.2673	193.22465
673.3528	191.66516
673.4384	190.53758
673.524	189.29452
673.6096	187.43185
673.6951	185.11237
673.7807	182.92605
673.8662	181.42126
673.9518	179.56632
674.0373	177.5402
674.1228	175.51791
674.2084	173.68436
674.2939	171.4979
674.3794	169.30415
674.4649	167.77868
674.5504	166.079
674.6359	163.7764
674.7214	161.6392
674.8068	159.09562
674.8923	157.06722
674.9778	155.2987
675.0632	153.15048
675.1487	150.71822
675.2341	148.1719
675.3196	145.65008
675.405	143.76441
675.4905	141.76816
675.5759	139.54547
675.6613	136.98756
675.7467	134.65427
675.8321	132.49385
675.9175	130.63897
676.0029	128.22571
676.0883	126.36896
676.1737	124.80284
676.259	122.89809
676.3444	120.89521
676.4298	119.15907
676.5151	117.39318
676.6005	115.70913
676.6858	113.65812
676.7712	111.49245
676.8565	109.62064
676.9418	107.89667
677.0271	106.20644
677.1124	104.92936
677.1978	103.13825
677.2831	101.17157
677.3683	99.30066
677.4536	97.53576
677.5389	96.06363
677.6242	94.48932
677.7095	92.67986
677.7947	91.30882
677.88	89.67487
677.9652	88.42183
678.0505	86.64081
678.1357	85.01047
678.221	83.33814
678.3062	81.32548
678.3914	80.13916
678.4766	79.18198
678.5618	78.18677
678.647	76.82046
678.7322	75.30671
678.8174	73.71405
678.9026	72.04378
678.9878	70.4673
679.0729	69.53134
679.1581	68.45402
679.2433	67.21485
679.3284	66.01975
679.4136	64.96517
679.4987	63.81733
679.5838	62.51144
679.669	61.37853
679.7541	59.7447
679.8392	58.55489
679.9243	57.44772
680.0094	56.93044
680.0945	56.55465
680.1796	55.71123
680.2647	54.55475
680.3498	53.51503
680.4348	52.83888
680.5199	52.1936
680.605	51.68954
680.69	51.04767
680.7751	50.52923
680.8601	49.75108
680.9452	48.98837
681.0302	48.32435
681.1152	47.71548
681.2002	47.04761
681.2853	46.39754
681.3703	45.95614
681.4552	45.22399
681.5403	44.60605
681.6252	43.94106
681.7102	43.38129
681.7952	42.70627
681.8802	41.86624
681.9651	41.01528
682.0501	40.31374
682.135	39.69199
682.22	38.95799
682.3049	38.39953
682.3899	37.86063
682.4748	37.13719
682.5597	36.34036
682.6446	35.76658
682.7295	35.25775
682.8144	34.75786
682.8993	34.03855
682.9842	33.57531
683.0691	33.12642
683.154	32.44261
683.2388	31.96795
683.3237	31.47108
683.4085	31.15327
683.4934	30.72475
683.5782	30.34932
683.6631	30.00096
683.7479	29.64632
683.8328	29.21197
683.9176	28.95197
684.0024	28.51592
684.0872	28.07179
684.172	27.62336
684.2568	27.08856
684.3416	26.57186
684.4264	26.03037
684.5111	25.60854
684.5959	25.24614
684.6807	25.108
684.7654	24.82434
684.8502	24.35367
684.9349	23.97857
685.0197	23.75605
685.1044	23.26681
685.1891	22.86835
685.2739	22.41714
685.3586	21.79166
685.4433	21.272
685.528	20.72985
685.6127	20.25853
685.6974	19.80935
685.7821	19.57711
685.8668	19.23643
685.9514	18.83922
686.0361	18.55875
686.1208	18.40497
686.2054	18.26553
686.2901	18.02546
686.3747	17.75408
686.4593	17.56826
686.544	17.24802
686.6286	17.00664
686.7132	16.81458
686.7978	16.62874
686.8824	16.66019
686.967	16.45712
687.0516	16.2721
687.1362	15.99347
687.2208	15.67841
687.3054	15.40838
687.3899	15.16198
687.4745	14.81796
687.559	14.48851
687.6436	14.34985
687.7282	14.23775
687.8127	14.13244
687.8972	13.97927
687.9818	13.6837
688.0663	13.49953
688.1508	13.36037
688.2353	13.13303
688.3198	13.05028
688.4043	13.05795
688.4888	12.85158
688.5733	12.49271
688.6577	12.19909
688.7422	11.98523
688.8267	11.72496
688.9111	11.69646
688.9956	11.78742
689.08	11.86241
689.1645	11.94695
689.2489	12.02504
689.3333	11.95191
689.4177	11.73097
689.5022	11.61012
689.5866	11.54796
689.671	11.51643
689.7554	11.60758
689.8398	11.62183
689.9242	11.5732
690.0085	11.47401
690.0929	11.34288
690.1773	11.17294
690.2616	10.98553
690.346	11.00446
690.4303	10.99248
690.5147	10.9972
690.599	11.06763
690.6833	10.99636
690.7677	10.73817
690.852	10.59193
690.9363	10.43237
691.0206	10.25674
691.1049	10.19321
691.1892	10.24509
691.2735	10.30453
691.3578	10.17916
691.442	9.9251
691.5263	9.85182
691.6105	9.84938
691.6948	9.74085
691.7791	9.63479
691.8633	9.49565
691.9475	9.233
692.0318	9.2601
692.116	9.19115
692.2002	8.94181
692.2844	8.79041
692.3686	8.71199
692.4528	8.66627
692.537	8.58842
692.6212	8.33184
692.7054	8.22492
692.7896	8.21186
692.8737	8.14625
692.9579	7.79783
693.0421	7.46443
693.1262	7.37703
693.2104	7.45826
693.2945	7.39726
693.3786	7.17559
693.4628	7.08058
693.5469	7.09422
693.631	7.20721
693.7151	7.33934
693.7992	7.26606
693.8833	7.23753
693.9674	7.16472
694.0515	7.0423
694.1356	6.82844
694.2196	6.82995
694.3037	6.8745
694.3877	6.88411
694.4718	6.82302
694.5558	6.64635
694.6399	6.643
694.7239	6.68018
694.808	6.61167
694.892	6.45297
694.976	6.3012
695.06	6.23726
695.144	6.10795
695.228	6.03283
695.312	6.03899
695.396	5.93519
695.48	5.72013
695.5639	5.71741
695.6479	5.64831
695.7319	5.61006
695.8158	5.6153
695.8998	5.89183
695.9837	5.85485
696.0676	5.80471
696.1516	5.97979
696.2355	6.00055
696.3194	6.13581
696.4033	6.18445
696.4872	6.38527
696.5711	6.43922
696.655	6.42661
696.7389	6.52778
696.8228	6.31415
696.9067	6.28977
696.9905	6.40187
697.0744	6.3584
697.1583	6.16926
697.2421	6.20201
697.326	6.40077
697.4098	6.22232
697.4936	6.39248
697.5774	6.44091
697.6613	6.17775
697.7451	6.1892
697.8289	6.04973
697.9127	5.80154
697.9965	5.89813
698.0803	5.72582
698.1641	5.71032
698.2478	5.46101
698.3316	5.53989
698.4154	5.46923
698.4991	5.30013
698.5829	5.50036
698.6666	5.48265
698.7504	5.35028
698.8341	5.14222
698.9178	5.27554
699.0015	5.40768
699.0853	5.05622
699.169	4.99093
699.2527	4.89827
699.3364	4.71528
699.4201	4.75005
699.5037	4.45024
699.5874	4.35825
699.6711	4.27547
699.7548	4.02132
699.8384	4.14563
699.9221	4.01754
700.0057	4.00669
700.0894	3.90389
700.173	4.07857
700.2566	4.17106
700.3402	4.06296
700.4239	4.09599
700.5075	4.05051
700.5911	4.18526
700.6747	3.94889
700.7583	3.83697
700.8419	3.92165
700.9254	3.93564
701.009	3.77595
701.0926	3.83144
701.1761	3.72757
701.2597	3.80265
701.3433	3.87237
701.4268	3.97381
701.5103	4.13518
701.5939	4.0108
701.6774	3.83633
701.7609	3.76438
701.8444	3.66437
701.9279	3.4448
702.0114	3.31138
702.0949	3.20679
702.1784	3.31156
702.2619	3.25059
702.3454	3.02681
702.4288	3.02755
702.5123	2.93454
702.5958	2.78315
702.6792	2.67498
702.7627	2.61159
702.8461	2.6083
702.9295	2.58285
703.013	2.55519
703.0964	2.52209
703.1798	2.4386
703.2632	2.29763
703.3466	2.21974
703.43	2.2325
703.5134	2.22743
703.5968	2.18939
703.6802	2.26282
703.7635	2.33045
703.8469	2.42773
703.9303	2.38008
704.0136	2.50492
704.0969	2.67051
704.1803	2.81544
704.2636	2.79946
704.3469	2.76956
704.4303	2.7894
704.5136	2.82083
704.5969	2.79653
704.6802	2.75875
704.7635	2.72889
704.8468	2.70182
704.9301	2.66873
705.0133	2.63662
705.0966	2.72722
705.1799	2.72756
705.2632	2.72827
705.3464	2.88275
705.4297	2.99159
705.5129	2.88872
705.5961	2.71718
705.6794	2.5414
705.7626	2.35435
705.8458	2.1768
705.929	2.02449
706.0122	1.9403
706.0954	2.03448
706.1786	2.17492
706.2618	2.23882
706.345	2.2121
706.4282	2.18508
706.5113	2.15232
706.5945	2.2146
706.6777	2.2562
706.7608	2.21003
706.8439	2.16006
706.9271	2.20319
707.0102	2.27888
707.0933	2.14415
707.1765	1.93106
707.2596	1.91775
707.3427	2.05042
707.4258	2.14826
707.5089	2.2743
707.592	2.29937
707.6751	2.22802
707.7581	2.16313
707.8412	2.04874
707.9243	1.92153
708.0073	1.88764
708.0904	1.87634
708.1734	1.85899
708.2565	1.82645
708.3395	1.79223
708.4225	1.80475
708.5056	1.86739
708.5886	1.80629
708.6716	1.67282
708.7546	1.5947
708.8376	1.55386
708.9206	1.57891
709.0036	1.64107
709.0865	1.52859
709.1695	1.36838
709.2525	1.20747
709.3354	1.17599
709.4184	1.3989
709.5013	1.5035
709.5843	1.53712
709.6672	1.52823
709.7501	1.48394
709.8331	1.48855
709.916	1.46081
709.9989	1.44693
710.0818	1.38845
710.1647	1.26772
710.2476	1.23018
710.3305	1.189
710.4134	1.13912
710.4962	1.09958
710.5791	1.06328
710.662	1.045
710.7448	1.02818
710.8277	0.88899
710.9105	0.95952
710.9934	1.07756
711.0762	0.98019
711.159	0.81694
711.2418	0.71871
711.3247	0.70218
711.4075	0.68841
711.4903	0.67793
711.573	0.64038
711.6558	0.76372
711.7386	0.95096
711.8214	1.09453
711.9042	1.04798
711.9869	1.00289
712.0697	0.99773
712.1525	1.07482
712.2352	1.19549
712.3179	1.21357
712.4007	1.21902
712.4834	1.1725
712.5661	1.34362
712.6488	1.41815
712.7315	1.2856
712.8142	1.31182
712.8969	1.29627
712.9796	1.2582
713.0623	1.28025
713.145	1.44573
713.2277	1.59455
713.3103	1.72598
713.393	1.79497
713.4756	1.65963
713.5583	1.56216
713.6409	1.7248
713.7236	1.86837
713.8062	1.89393
713.8888	1.86993
713.9715	1.9114
714.0541	2.04433
714.1367	2.04006
714.2193	1.97483
714.3018	1.83124
714.3844	1.75394
714.467	1.76988
714.5496	1.75051
714.6322	1.79903
714.7147	1.81813
714.7973	1.82347
714.8798	1.6476
714.9624	1.47045
715.0449	1.26362
715.1274	1.289
715.21	1.03365
715.2925	1.07074
715.375	0.60174
715.4575	0.57854
715.54	0.49679
715.6225	0.44242
715.705	0.21815
715.7875	-0.01534
715.87	-0.26026
715.9524	-0.5163
716.0349	-0.78406
716.1173	-1.06291
716.1998	-1.35352
716.2822	-1.65519
716.3647	-1.96865
716.4471	-2.29314
716.5295	-2.62903
716.612	-2.97674
716.6944	-3.33545
716.7768	-3.70556
716.8592	-4.08707
716.9416	-4.47998
717.024	-4.8843
717.1064	-5.30001
717.1887	-5.72661
717.2711	-6.16511
717.3535	-6.61502
717.4358	-7.07576
717.5182	-7.54846
717.6005	-8.03197
717.6829	-8.52746
717.7652	-9.03373
717.8475	-9.55137
717.9299	-10.08104
718.0122	-10.62145
718.0945	-11.17323
718.1768	-11.73638
718.2591	-12.31091
718.3414	-12.89681
718.4237	-13.49409
718.5059	-14.102
718.5882	-14.72201
718.6705	-15.3534
718.7527	-15.99537
718.835	-16.64949
718.9173	-17.31499
718.9995	-17.99103
719.0817	-18.67842
719.164	-19.37801
719.2462	-20.08811
719.3284	-20.80955
719.4106	-21.54234
719.4928	-22.28647
719.575	-23.04196
719.6572	-23.80879
719.7394	-24.58696
719.8216	-25.37649
719.9038	-26.17736
719.9859	-26.98858
720.0681	-27.81213
720.1503	-28.64702
720.2324	-29.49223
720.3146	-30.34981
720.3967	-31.21766
720.4788	-32.09684
720.561	-32.98843
720.6431	-33.89026
720.7252	-34.80341
720.8073	-35.72788
720.8894	-36.66366
720.9715	-37.61077
721.0536	-38.5692
721.1357	-39.53894
721.2178	-40.52001
721.2998	-41.51117
721.3819	-42.51486
721.4639	-43.52863
721.546	-44.55494
721.6281	-45.59257
721.7101	-46.64024
721.7921	-47.6992
721.8742	-48.77076
721.9562	-49.85232
722.0382	-50.94516
722.1202	-52.0493
722.2022	-53.16473
722.2842	-54.29145
722.3662	-55.42947
722.4482	-56.57877
722.5302	-57.73937
722.6122	-58.91126
722.6941	-60.09299
722.7761	-61.28744
722.858	-62.49172
722.94	-63.70874
723.0219	-64.93556
723.1039	-66.17515
723.1858	-67.42451
723.2677	-68.68513
723.3496	-69.95701
723.4315	-71.24016
723.5135	-72.53616
723.5954	-73.84185
723.6772	-75.15719
723.7591	-76.4854
723.841	-77.82486
723.9229	-79.1756
724.0048	-80.53759
724.0866	-81.90917
724.1685	-83.29368
724.2503	-84.68775
724.3322	-86.09477
724.414	-87.51132
724.4959	-88.94086
724.5777	-90.3799
724.6595	-91.83017
724.7413	-93.29169
724.8231	-94.76443
724.9049	-96.24842
724.9867	-97.74364
725.0685	-99.2501
725.1503	-100.76779
725.2321	-102.29672
725.3139	-103.83689
725.3956	-105.38639
725.4774	-106.94902
725.5591	-108.52095
725.6409	-110.10603
725.7226	-111.7004
725.8043	-113.30597
725.8861	-114.92474
725.9678	-116.55275
726.0495	-118.19196
726.1312	-119.84238
726.2129	-121.50402
726.2946	-123.17686
726.3763	-124.86091
726.458	-126.55617
726.5397	-128.26264
726.6214	-129.98032
726.703	-131.70708
726.7847	-133.44717
726.8663	-135.19631
726.948	-136.9588
727.0296	-138.73031
727.1113	-140.51521
727.1929	-142.3091
727.2745	-144.11418
727.3561	-145.93044
727.4378	-147.76013
727.5194	-149.59876
727.601	-151.44858
727.6825	-153.3073
727.7641	-155.17946
727.8457	-157.06281
727.9273	-158.95734
728.0089	-160.86306
728.0904	-162.7776
728.172	-164.70566
728.2535	-166.64252
728.3351	-168.59293
728.4166	-170.55212
728.4982	-172.52488
728.5797	-174.50639
728.6612	-176.49905
728.7427	-178.50286
728.8242	-180.51783
728.9057	-182.54395
728.9872	-184.58123
729.0687	-186.62966
729.1502	-188.68925
729.2317	-190.75999
729.3131	-192.83932
729.3946	-194.93236
729.4761	-197.03655
729.5575	-199.14929
729.639	-201.27577
729.7204	-203.41078
729.8019	-205.55956
729.8833	-207.71684
729.9647	-209.88524
730.0461	-212.06477
730.1275	-214.25543
730.2089	-216.45722
730.2903	-218.67013
730.3717	-220.89417
730.4531	-223.12933